market,openTimestamp,closeTimestamp,latency,price
"BTC","1700071820","1700071821","1","36560.447472051"
"SOL","1700071746","1700071755","9","61.68207871"
"ETH","1700072185","1700072192","7","2043.29290995"
"BTC","1700071854","1700071866","12","36641.004398915"
"BTC","1700071812","1700071818","6","36561.94797585"
"BTC","1700071988","1700071991","3","37170.959790419"
"SOL","1700071898","1700071900","2","61.93686987"
"SOL","1700071828","1700071831","3","61.74849999"
"SOL","1700072196","1700072197","1","63.112507685"
"BTC","1700071886","1700071891","5","36705.468830875"
"ETH","1700071932","1700071938","6","2026.640073869"
"ETH","1700071939","1700071956","17","2025.399508664"
"ETH","1700071794","1700071797","3","2013.985647295"
"SOL","1700071867","1700071870","3","61.905862145"
"ETH","1700072216","1700072293","77","2042.42569849"
"SOL","1700071878","1700071885","7","61.92496939"
"SOL","1700072056","1700072061","5","62.477886801"
"SOL","1700071849","1700071851","2","61.81840116"
"BTC","1700072059","1700072069","10","37039.938159444"
"ETH","1700072185","1700072191","6","2043.29290995"
"SOL","1700071951","1700071961","10","62.16398185"
"ETH","1700071860","1700071863","3","2017.136331595"
"ETH","1700072098","1700072099","1","2032.3225"
"BTC","1700072046","1700072049","3","37075.176904761"
"ETH","1700072044","1700072046","2","2032.599284675"
"BTC","1700071951","1700071961","10","36920.129100218"
"BTC","1700072179","1700072183","4","37256.291360773"
"ETH","1700072181","1700072185","4","2042.349305555"
"SOL","1700072116","1700072118","2","62.711304145"
"ETH","1700071870","1700071873","3","2017.82458563"
"ETH","1700071964","1700071972","8","2025.09894025"
"SOL","1700071883","1700071889","6","61.95"
"SOL","1700072083","1700072088","5","62.33209296"
"SOL","1700072189","1700072194","5","62.89813992"
"BTC","1700072211","1700072217","6","37247.921013496"
"ETH","1700072009","1700072014","5","2031.550387865"
"ETH","1700071821","1700071826","5","2014.35570442"
"SOL","1700071782","1700071787","5","61.73845536"
"SOL","1700071995","1700072004","9","62.589657605"
"SOL","1700071985","1700071989","4","62.376605915"
"ETH","1700071919","1700071924","5","2025.301910112"
"SOL","1700071779","1700071781","2","61.7412827"
"BTC","1700071747","1700071754","7","36525.84973841"
"BTC","1700072156","1700072157","1","37218.124634455"
"SOL","1700071878","1700071884","6","61.92496939"
"ETH","1700071914","1700071919","5","2018.98"
"SOL","1700072172","1700072173","1","62.739406021"
"BTC","1700071902","1700071910","8","36708.26854"
"SOL","1700072044","1700072046","2","62.58256438"
"BTC","1700071767","1700071770","3","36520.629545895"
"BTC","1700071768","1700071770","2","36526.096097624"
"SOL","1700072031","1700072035","4","62.61059609"
"SOL","1700071916","1700071921","5","61.999046228"
"ETH","1700072067","1700072073","6","2033.802431105"
"ETH","1700071889","1700071893","4","2018.715534568"
"BTC","1700072024","1700072032","8","37037.809121971"
"SOL","1700072136","1700072138","2","62.818932541"
"SOL","1700072183","1700072191","8","62.86258123"
"ETH","1700072216","1700072290","74","2042.42569849"
"BTC","1700072118","1700072122","4","37104.348985498"
"ETH","1700072073","1700072078","5","2033.32372313"
"ETH","1700072083","1700072086","3","2031.445"
"SOL","1700072018","1700072027","9","62.47000408"
"BTC","1700071980","1700071982","2","37180.121596661"
"ETH","1700072052","1700072056","4","2032.542561895"
"ETH","1700072085","1700072086","1","2030.924825048"
"ETH","1700072191","1700072194","3","2044.670759003"
"ETH","1700071747","1700071755","8","2012.72625"
"SOL","1700071882","1700071887","5","61.954504815"
"SOL","1700071927","1700071936","9","62.177480995"
"BTC","1700071969","1700071975","6","37049.16564641"
"BTC","1700072020","1700072023","3","37059.801388365"
"SOL","1700072208","1700072209","1","63.032568075"
"ETH","1700072037","1700072039","2","2030.7357375"
"ETH","1700071992","1700071994","2","2033.027732894"
"ETH","1700072047","1700072049","2","2032.60984333"
"SOL","1700071917","1700071927","10","62.042413773"
"BTC","1700071999","1700072001","2","37131.289966528"
"SOL","1700072154","1700072157","3","62.77083341"
"BTC","1700072018","1700072024","6","37051.996619945"
"BTC","1700071792","1700071795","3","36548.928017835"
"SOL","1700071883","1700071889","6","61.95"
"BTC","1700071764","1700071767","3","36519.352362201"
"BTC","1700072128","1700072130","2","37115.65200495"
"SOL","1700072076","1700072078","2","62.44060124"
"BTC","1700071911","1700071912","1","36707.215704645"
"ETH","1700071792","1700071795","3","2013.89"
"ETH","1700072091","1700072095","4","2031.557085505"
"BTC","1700072115","1700072116","1","37098.56361758"
"BTC","1700072124","1700072129","5","37100.736926476"
"ETH","1700072085","1700072089","4","2030.924825048"
"ETH","1700071747","1700071755","8","2012.72625"
"SOL","1700072094","1700072098","4","62.348279045"
"BTC","1700072196","1700072197","1","37317.438289176"
"ETH","1700072016","1700072024","8","2033.163920025"
"BTC","1700071998","1700072004","6","37136.964884"
"ETH","1700072108","1700072112","4","2034.22747456"
"SOL","1700071976","1700071982","6","62.36523292"
"ETH","1700072166","1700072169","3","2043.546198882"
"SOL","1700072044","1700072046","2","62.58256438"
"ETH","1700071957","1700071961","4","2022.486939282"
"BTC","1700072098","1700072103","5","37046.825806385"
"ETH","1700071867","1700071872","5","2017.77294812"
"ETH","1700072166","1700072169","3","2043.546198882"
"BTC","1700071926","1700071931","5","37023.951181818"
"BTC","1700072128","1700072130","2","37115.65200495"
"ETH","1700071820","1700071822","2","2014.138749995"
"BTC","1700072060","1700072072","12","37034.913739775"
"ETH","1700072130","1700072137","7","2039.93393629"
"BTC","1700072043","1700072045","2","37050.59784715"
"BTC","1700072137","1700072140","3","37147.38815014"
"BTC","1700071860","1700071863","3","36637.14353314"
"ETH","1700072010","1700072014","4","2031.48808514"
"BTC","1700071818","1700071820","2","36558.915"
"BTC","1700071876","1700071878","2","36692.037457865"
"BTC","1700071763","1700071767","4","36519.11536393"
"SOL","1700071823","1700071827","4","61.753544305"
"BTC","1700071975","1700071982","7","37127.332186126"
"ETH","1700071920","1700071927","7","2027.281618917"
"BTC","1700071765","1700071767","2","36518.43462906"
"BTC","1700072096","1700072101","5","37040.899024402"
"SOL","1700071751","1700071756","5","61.69076362"
"SOL","1700071841","1700071844","3","61.76302987"
"ETH","1700071850","1700071855","5","2017.64"
"SOL","1700071807","1700071811","4","61.77535543"
"SOL","1700072191","1700072194","3","62.928552115"
"ETH","1700071787","1700071790","3","2013.36625"
"ETH","1700071780","1700071785","5","2013.4075"
"BTC","1700071954","1700071961","7","36924.805527"
"BTC","1700071974","1700071982","8","37097.444684182"
"ETH","1700072143","1700072146","3","2038.654583333"
"BTC","1700072201","1700072205","4","37276.643965278"
"BTC","1700071993","1700071997","4","37190.523076923"
"BTC","1700072116","1700072118","2","37100.177142857"
"BTC","1700072018","1700072028","10","37051.996619945"
"BTC","1700072105","1700072111","6","37103.217"
"SOL","1700071914","1700071919","5","61.97144083"
"ETH","1700072022","1700072033","11","2032.094285714"
"SOL","1700071984","1700071990","6","62.385473075"
"ETH","1700071883","1700071889","6","2019.00025317"
"ETH","1700072119","1700072122","3","2039.407818061"
"ETH","1700071747","1700071754","7","2012.72625"
"BTC","1700072211","1700072293","82","37243.495926921"
"ETH","1700071972","1700071979","7","2026.16601719"
"ETH","1700071855","1700071863","8","2017.43009601"
"ETH","1700071818","1700071821","3","2014.035"
"BTC","1700071859","1700071863","4","36639.24954524"
"ETH","1700071776","1700071780","4","2013.2293899"
"SOL","1700071747","1700071754","7","61.694073365"
"SOL","1700072219","1700072290","71","63.081792425"
"SOL","1700072124","1700072129","5","62.69742067"
"ETH","1700072096","1700072101","5","2032.18"
"SOL","1700072058","1700072071","13","62.44"
"SOL","1700071973","1700071982","9","62.383909243"
"BTC","1700072165","1700072167","2","37218.489556129"
"SOL","1700071760","1700071765","5","61.70690318"
"SOL","1700071818","1700071822","4","61.73110339"
"BTC","1700071996","1700072001","5","37168.305781366"
"SOL","1700071756","1700071762","6","61.70845159"
"ETH","1700072194","1700072196","2","2045.418787343"
"ETH","1700072051","1700072052","1","2032.66855667"
"BTC","1700071804","1700071809","5","36556.677071296"
"BTC","1700071844","1700071851","7","36622.216584311"
"BTC","1700071876","1700071878","2","36692.037457865"
"ETH","1700071935","1700071938","3","2025.577383594"
"BTC","1700072105","1700072111","6","37103.217"
"ETH","1700072134","1700072138","4","2039.454613"
"ETH","1700072195","1700072197","2","2045.202855831"
"ETH","1700072147","1700072148","1","2039.146678175"
"ETH","1700071918","1700071926","8","2022.259047619"
"ETH","1700072112","1700072115","3","2035.57374691"
"ETH","1700072145","1700072146","1","2038.96089405"
"ETH","1700072165","1700072167","2","2043.198449545"
"ETH","1700071985","1700071989","4","2027.722232243"
"SOL","1700072056","1700072061","5","62.477886801"
"ETH","1700071942","1700071952","10","2025.055314876"
"BTC","1700071851","1700071855","4","36636.963536975"
"ETH","1700071782","1700071785","3","2013.465809933"
"BTC","1700071746","1700071754","8","36524.277868926"
"ETH","1700071928","1700071931","3","2028.039176293"
"ETH","1700071761","1700071763","2","2012.62816578"
"ETH","1700071985","1700071989","4","2027.722232243"
"SOL","1700072213","1700072290","77","63.00949883"
"SOL","1700071823","1700071828","5","61.753544305"
"BTC","1700072066","1700072068","2","37051.322727272"
"ETH","1700072098","1700072099","1","2032.3225"
"BTC","1700072066","1700072068","2","37051.322727272"
"SOL","1700072102","1700072104","2","62.48417067"
"ETH","1700072130","1700072133","3","2039.93393629"
"BTC","1700072198","1700072202","4","37285.373910637"
"SOL","1700071909","1700071911","2","61.94704725"
"ETH","1700071796","1700071802","6","2014.005844795"
"BTC","1700071967","1700071971","4","37040.53"
"SOL","1700071763","1700071767","4","61.70167543"
"BTC","1700072106","1700072112","6","37110.011413303"
"SOL","1700071964","1700071969","5","62.23555523"
"BTC","1700072116","1700072118","2","37100.177142857"
"ETH","1700072000","1700072004","4","2030.584874686"
"BTC","1700072062","1700072071","9","37046.449"
"BTC","1700071819","1700071822","3","36558.17612213"
"SOL","1700072067","1700072077","10","62.41758042"
"ETH","1700071917","1700071927","10","2021.751849315"
"ETH","1700072017","1700072023","6","2033.114500881"
"BTC","1700071992","1700071994","2","37178.450174519"
"SOL","1700072084","1700072087","3","62.346078751"
"SOL","1700072065","1700072069","4","62.39902157"
"SOL","1700072129","1700072131","2","62.76479846"
"BTC","1700071992","1700071994","2","37178.450174519"
"ETH","1700072067","1700072073","6","2033.802431105"
"ETH","1700071951","1700071961","10","2023.054769275"
"BTC","1700072063","1700072070","7","37044.18060958"
"ETH","1700072039","1700072043","4","2030.830233032"
"SOL","1700072014","1700072020","6","62.46342923"
"BTC","1700072108","1700072114","6","37093.41447787"
"ETH","1700072169","1700072171","2","2042.990255"
"BTC","1700072084","1700072087","3","37020.278620215"
"BTC","1700071958","1700071965","7","36965.580978744"
"SOL","1700071757","1700071759","2","61.70749999"
"SOL","1700072027","1700072034","7","62.517344405"
"SOL","1700071788","1700071790","2","61.713056"
"BTC","1700072044","1700072046","2","37064.417615134"
"ETH","1700071957","1700071961","4","2022.486939282"
"ETH","1700071917","1700071923","6","2021.751849315"
"BTC","1700072215","1700072293","78","37237.128328203"
"ETH","1700072010","1700072014","4","2031.48808514"
"ETH","1700072194","1700072196","2","2045.418787343"
"BTC","1700071797","1700071804","7","36556.26485821"
"SOL","1700071751","1700071753","2","61.69076362"
"ETH","1700072116","1700072118","2","2036.789655516"
"ETH","1700071989","1700071992","3","2030.928362068"
"BTC","1700072217","1700072290","73","37239.378737708"
"BTC","1700072142","1700072146","4","37133.543318965"
"SOL","1700071746","1700071753","7","61.68207871"
"BTC","1700072160","1700072166","6","37256.750188957"
"BTC","1700072144","1700072146","2","37134.789885665"
"ETH","1700072174","1700072182","8","2041.32931286"
"ETH","1700071811","1700071812","1","2014.160986035"
"ETH","1700071903","1700071910","7","2019.032527713"
"ETH","1700071818","1700071820","2","2014.035"
"BTC","1700072025","1700072034","9","37024.431199266"
"ETH","1700071929","1700071937","8","2027.903615888"
"SOL","1700071811","1700071812","1","61.752863415"
"ETH","1700071964","1700071970","6","2025.09894025"
"SOL","1700072054","1700072061","7","62.511883465"
"SOL","1700072096","1700072102","6","62.34918458"
"SOL","1700072073","1700072077","4","62.46554761"
"ETH","1700071976","1700071982","6","2027.30401198"
"ETH","1700072075","1700072078","3","2033.20813916"
"SOL","1700072195","1700072197","2","63.058928973"
"SOL","1700072023","1700072034","11","62.48271507"
"BTC","1700072092","1700072098","6","37045.861091187"
"SOL","1700072050","1700072052","2","62.535"
"BTC","1700072035","1700072038","3","37019.619014049"
"ETH","1700071948","1700071957","9","2023.7564375"
"ETH","1700072053","1700072060","7","2032.992962962"
"SOL","1700071770","1700071774","4","61.71413803"
"BTC","1700072016","1700072022","6","37048.972714033"
"BTC","1700071932","1700071938","6","37072.484056131"
"BTC","1700071863","1700071867","4","36644.360319063"
"ETH","1700071999","1700072003","4","2030.910314494"
"ETH","1700071938","1700071955","17","2025.255708791"
"ETH","1700071809","1700071812","3","2014.1962575"
"BTC","1700071961","1700071971","10","36973.667799331"
"SOL","1700071838","1700071843","5","61.80038139"
"BTC","1700071755","1700071759","4","36523.6975"
"BTC","1700071870","1700071873","3","36659.57"
"ETH","1700071812","1700071819","7","2014.18413554"
"BTC","1700072049","1700072052","3","37090.82132628"
"SOL","1700071783","1700071785","2","61.73779316"
"ETH","1700071768","1700071770","2","2012.8475"
"SOL","1700071944","1700071958","14","62.275575455"
"SOL","1700071932","1700071938","6","62.27257463"
"BTC","1700071828","1700071834","6","36559.14154823"
"ETH","1700071747","1700071753","6","2012.72625"
"SOL","1700071876","1700071878","2","61.938207242"
"ETH","1700072170","1700072171","1","2042.530107437"
"BTC","1700071852","1700071856","4","36640.760416666"
"BTC","1700072218","1700072290","72","37249.778512385"
"SOL","1700071781","1700071787","6","61.739"
"SOL","1700072185","1700072194","9","62.8727815"
"ETH","1700071811","1700071812","1","2014.160986035"
"SOL","1700072187","1700072192","5","62.88825101"
"SOL","1700072079","1700072081","2","62.40424095"
"SOL","1700072091","1700072095","4","62.3325"
"ETH","1700072071","1700072073","2","2032.977365782"
"BTC","1700071979","1700071982","3","37165.005789473"
"SOL","1700072200","1700072202","2","63.01863721"
"ETH","1700071779","1700071781","2","2013.42315374"
"ETH","1700071907","1700071911","4","2018.99929799"
"BTC","1700071949","1700071956","7","36947.09185961"
"SOL","1700071993","1700071997","4","62.48632874"
"BTC","1700071886","1700071888","2","36705.468830875"
"BTC","1700071812","1700071818","6","36561.94797585"
"BTC","1700072057","1700072064","7","37043.807499995"
"ETH","1700072063","1700072069","6","2032.943333333"
"SOL","1700071844","1700071851","7","61.77419316"
"ETH","1700072183","1700072188","5","2042.769938855"
"BTC","1700071971","1700071982","11","37058.749322491"
"ETH","1700072134","1700072138","4","2039.454613"
"ETH","1700071898","1700071900","2","2018.301675"
"ETH","1700072022","1700072034","12","2032.094285714"
"SOL","1700072079","1700072081","2","62.40424095"
"ETH","1700071935","1700071938","3","2025.577383594"
"SOL","1700072147","1700072148","1","62.739411075"
"ETH","1700071866","1700071867","1","2017.617185595"
"BTC","1700072045","1700072046","1","37072.209717121"
"ETH","1700071871","1700071873","2","2017.842756225"
"BTC","1700071985","1700071989","4","37132.516675415"
"SOL","1700072067","1700072077","10","62.41758042"
"ETH","1700072121","1700072129","8","2039.42663517"
"BTC","1700071975","1700071982","7","37127.332186126"
"BTC","1700071939","1700071956","17","37042.939811718"
"BTC","1700072208","1700072209","1","37266.966242852"
"SOL","1700071780","1700071785","5","61.749886985"
"ETH","1700071957","1700071961","4","2022.486939282"
"BTC","1700072118","1700072122","4","37104.348985498"
"ETH","1700071767","1700071770","3","2012.63679998"
"ETH","1700071866","1700071867","1","2017.617185595"
"SOL","1700071921","1700071926","5","62.221143745"
"ETH","1700072154","1700072157","3","2040.077163885"
"SOL","1700072035","1700072039","4","62.555480311"
"SOL","1700072093","1700072098","5","62.358127571"
"SOL","1700072198","1700072202","4","63.029610165"
"BTC","1700072024","1700072034","10","37037.809121971"
"ETH","1700071931","1700071937","6","2027.431103116"
"ETH","1700072047","1700072051","4","2032.60984333"
"BTC","1700071857","1700071864","7","36644.067989184"
"SOL","1700072173","1700072174","1","62.75280177"
"SOL","1700072104","1700072110","6","62.47426724"
"SOL","1700071885","1700071887","2","61.96296659"
"SOL","1700072153","1700072157","4","62.75125"
"SOL","1700072035","1700072038","3","62.555480311"
"ETH","1700071940","1700071956","16","2025.196280417"
"BTC","1700071991","1700071994","3","37182.320404466"
"SOL","1700072000","1700072004","4","62.531155252"
"BTC","1700072141","1700072142","1","37138.84893328"
"SOL","1700071818","1700071821","3","61.73110339"
"BTC","1700072032","1700072035","3","37033.241394225"
"ETH","1700072015","1700072019","4","2032.844335276"
"SOL","1700072019","1700072027","8","62.490709365"
"ETH","1700072109","1700072114","5","2034.42857456"
"BTC","1700071765","1700071767","2","36518.43462906"
"BTC","1700071870","1700071873","3","36659.57"
"ETH","1700072131","1700072140","9","2039.95879096"
"BTC","1700072183","1700072191","8","37251.584337655"
"ETH","1700072218","1700072293","75","2042.845958783"
"SOL","1700072134","1700072138","4","62.797244649"
"ETH","1700072059","1700072067","8","2033.18996465"
"BTC","1700072195","1700072197","2","37320.1833523"
"SOL","1700071910","1700071912","2","61.946330428"
"BTC","1700072131","1700072138","7","37121.942700933"
"SOL","1700071747","1700071755","8","61.694073365"
"ETH","1700071782","1700071785","3","2013.465809933"
"BTC","1700071747","1700071756","9","36525.84973841"
"SOL","1700071959","1700071963","4","62.14128206"
"ETH","1700072163","1700072167","4","2043.423453333"
"ETH","1700072024","1700072034","10","2031.140392654"
"BTC","1700071886","1700071888","2","36705.468830875"
"SOL","1700071973","1700071982","9","62.383909243"
"SOL","1700072034","1700072035","1","62.608333333"
"ETH","1700072174","1700072179","5","2041.32931286"
"BTC","1700072146","1700072148","2","37139.24"
"BTC","1700072015","1700072021","6","37051.826141672"
"ETH","1700072188","1700072192","4","2043.582678728"
"BTC","1700071813","1700071819","6","36561.9719755"
"SOL","1700072194","1700072196","2","63.0523649"
"ETH","1700072052","1700072056","4","2032.542561895"
"BTC","1700072158","1700072160","2","37244.829488288"
"ETH","1700071746","1700071756","10","2012.567718665"
"BTC","1700071937","1700071958","21","37040.889642614"
"SOL","1700072044","1700072046","2","62.58256438"
"BTC","1700071787","1700071790","3","36539.280554478"
"ETH","1700072148","1700072151","3","2039.728791269"
"ETH","1700072135","1700072137","2","2039.758414945"
"ETH","1700071827","1700071828","1","2014.658229235"
"ETH","1700072010","1700072014","4","2031.48808514"
"ETH","1700072184","1700072191","7","2043.032294578"
"ETH","1700072197","1700072202","5","2045.225638389"
"BTC","1700071898","1700071900","2","36685.184560047"
"ETH","1700072017","1700072029","12","2033.114500881"
"ETH","1700072156","1700072158","2","2040.598"
"ETH","1700071759","1700071760","1","2012.70826992"
"BTC","1700071974","1700071982","8","37097.444684182"
"BTC","1700071760","1700071765","5","36519.687699801"
"ETH","1700072180","1700072188","8","2042.99187512"
"BTC","1700072046","1700072050","4","37075.176904761"
"SOL","1700072105","1700072114","9","62.649285714"
"BTC","1700071866","1700071867","1","36652.355227272"
"ETH","1700071882","1700071889","7","2019.05751292"
"ETH","1700071798","1700071804","6","2014.12125"
"ETH","1700072206","1700072208","2","2045.0925"
"ETH","1700071843","1700071848","5","2016.5846071"
"ETH","1700072012","1700072015","3","2031.29987524"
"ETH","1700071859","1700071863","4","2017.296395345"
"ETH","1700071928","1700071932","4","2028.039176293"
"BTC","1700072137","1700072142","5","37148.195"
"BTC","1700071942","1700071954","12","37018.08231958"
"SOL","1700071845","1700071851","6","61.788696373"
"ETH","1700071746","1700071753","7","2012.567718665"
"BTC","1700071899","1700071909","10","36695.679380289"
"ETH","1700071827","1700071828","1","2014.658229235"
"SOL","1700071985","1700071989","4","62.376605915"
"ETH","1700071845","1700071851","6","2016.873612203"
"SOL","1700072118","1700072122","4","62.742484375"
"ETH","1700071877","1700071878","1","2018.743977585"
"ETH","1700072037","1700072039","2","2030.7357375"
"BTC","1700072163","1700072166","3","37241.055912955"
"BTC","1700071972","1700071984","12","37066.793333333"
"SOL","1700072122","1700072129","7","62.770473546"
"SOL","1700071816","1700071819","3","61.73834312"
"BTC","1700071924","1700071933","9","37060.236626657"
"BTC","1700071861","1700071863","2","36640.329166666"
"BTC","1700072209","1700072211","2","37256.153355411"
"ETH","1700071961","1700071969","8","2023.531713439"
"BTC","1700071839","1700071841","2","36606.042040721"
"BTC","1700072141","1700072142","1","37138.84893328"
"SOL","1700071965","1700071971","6","62.296367291"
"SOL","1700072134","1700072137","3","62.797244649"
"BTC","1700071784","1700071790","6","36540.80918145"
"BTC","1700072143","1700072146","3","37130.95187719"
"BTC","1700071895","1700071898","3","36687.063333333"
"SOL","1700072132","1700072141","9","62.81319872"
"SOL","1700072075","1700072078","3","62.43535"
"ETH","1700072103","1700072104","1","2033.323563225"
"SOL","1700071805","1700071810","5","61.74889715"
"BTC","1700072045","1700072046","1","37072.209717121"
"ETH","1700071851","1700071855","4","2017.246695568"
"ETH","1700071928","1700071935","7","2028.039176293"
"ETH","1700071857","1700071866","9","2017.424417732"
"ETH","1700071820","1700071822","2","2014.138749995"
"ETH","1700072010","1700072014","4","2031.48808514"
"ETH","1700071892","1700071895","3","2018.61507764"
"ETH","1700072092","1700072094","2","2032.283333333"
"SOL","1700072091","1700072095","4","62.3325"
"BTC","1700072204","1700072208","4","37294.257819145"
"ETH","1700071985","1700071989","4","2027.722232243"
"SOL","1700071935","1700071937","2","62.214583333"
"SOL","1700071949","1700071955","6","62.19606695"
"SOL","1700072037","1700072039","2","62.54137827"
"SOL","1700071763","1700071767","4","61.70167543"
"ETH","1700071952","1700071961","9","2022.77556753"
"BTC","1700071794","1700071797","3","36551.73199203"
"SOL","1700072027","1700072034","7","62.517344405"
"BTC","1700071770","1700071774","4","36527.09396166"
"SOL","1700071870","1700071873","3","61.89752218"
"BTC","1700071790","1700071792","2","36543.64893145"
"BTC","1700072152","1700072158","6","37162.881200615"
"SOL","1700072017","1700072022","5","62.47076293"
"BTC","1700071948","1700071955","7","36959.29281627"
"BTC","1700072190","1700072194","4","37302.921350205"
"SOL","1700072015","1700072019","4","62.464995785"
"ETH","1700071817","1700071819","2","2014.1971922"
"SOL","1700072140","1700072142","2","62.804541163"
"BTC","1700071860","1700071866","6","36637.14353314"
"SOL","1700071929","1700071938","9","62.24698589"
"ETH","1700072034","1700072035","1","2031.6025"
"ETH","1700072183","1700072188","5","2042.769938855"
"ETH","1700072198","1700072202","4","2044.789612348"
"BTC","1700071829","1700071833","4","36567.070774115"
"BTC","1700072081","1700072083","2","37032.904351249"
"ETH","1700071884","1700071887","3","2019.170568395"
"BTC","1700071805","1700071809","4","36558.364128963"
"BTC","1700071985","1700071989","4","37132.516675415"
"SOL","1700072079","1700072081","2","62.40424095"
"ETH","1700071819","1700071821","2","2014.005"
"SOL","1700071909","1700071911","2","61.94704725"
"ETH","1700072124","1700072129","5","2037.97061169"
"BTC","1700072153","1700072158","5","37177.19373454"
"BTC","1700072096","1700072103","7","37040.899024402"
"ETH","1700071953","1700071961","8","2023.371012818"
"ETH","1700071760","1700071765","5","2012.7825"
"ETH","1700072161","1700072166","5","2042.435574478"
"ETH","1700071952","1700071961","9","2022.77556753"
"ETH","1700071834","1700071837","3","2015.253"
"SOL","1700071865","1700071867","2","61.868218135"
"BTC","1700072143","1700072146","3","37130.95187719"
"SOL","1700071945","1700071955","10","62.26940476"
"BTC","1700071991","1700071993","2","37182.320404466"
"BTC","1700072080","1700072082","2","37036.389483695"
"BTC","1700072191","1700072194","3","37304.001477272"
"BTC","1700072124","1700072129","5","37100.736926476"
"SOL","1700071848","1700071850","2","61.840477375"
"SOL","1700072076","1700072078","2","62.44060124"
"ETH","1700071862","1700071867","5","2017.38686813"
"SOL","1700071859","1700071863","4","61.8160874"
"BTC","1700071843","1700071847","4","36618.10644411"
"SOL","1700071937","1700071942","5","62.18963965"
"ETH","1700071850","1700071858","8","2017.64"
"BTC","1700071751","1700071753","2","36523.97189438"
"SOL","1700072034","1700072035","1","62.608333333"
"ETH","1700072129","1700072131","2","2039.804230571"
"SOL","1700071838","1700071842","4","61.80038139"
"BTC","1700071870","1700071873","3","36659.57"
"BTC","1700071775","1700071781","6","36537.283154997"
"ETH","1700072069","1700072077","8","2033.556244785"
"SOL","1700072009","1700072011","2","62.437807495"
"SOL","1700071764","1700071767","3","61.70060541"
"BTC","1700071779","1700071781","2","36540.8021305"
"ETH","1700071992","1700071994","2","2033.027732894"
"SOL","1700071884","1700071889","5","61.954247095"
"ETH","1700072018","1700072027","9","2033.0128325"
"SOL","1700071944","1700071956","12","62.275575455"
"SOL","1700072020","1700072022","2","62.46914058"
"SOL","1700071836","1700071841","5","61.8102124"
"BTC","1700071797","1700071804","7","36556.26485821"
"SOL","1700072130","1700072135","5","62.823395"
"SOL","1700071819","1700071821","2","61.72533131"
"BTC","1700071972","1700071980","8","37057.371448928"
"SOL","1700072092","1700072095","3","62.31391355"
"SOL","1700071912","1700071916","4","61.971418875"
"ETH","1700071958","1700071965","7","2022.920337874"
"ETH","1700072184","1700072188","4","2043.032294578"
"BTC","1700071989","1700071991","2","37160.69957626"
"SOL","1700071796","1700071804","8","61.73037895"
"SOL","1700071775","1700071780","5","61.71268329"
"BTC","1700072010","1700072014","4","37044.475775862"
"ETH","1700071778","1700071780","2","2013.3074667"
"SOL","1700072081","1700072082","1","62.37562187"
"BTC","1700072094","1700072098","4","37046.184107342"
"BTC","1700072180","1700072188","8","37256.052020475"
"BTC","1700072194","1700072197","3","37346.905391972"
"ETH","1700071755","1700071760","5","2012.873545825"
"BTC","1700071911","1700071912","1","36707.215704645"
"SOL","1700071923","1700071925","2","62.25999088"
"BTC","1700072130","1700072138","8","37115.96375"
"SOL","1700072216","1700072293","77","63.03848723"
"ETH","1700071769","1700071774","5","2012.75793188"
"ETH","1700071941","1700071954","13","2025.218651345"
"SOL","1700071792","1700071795","3","61.73"
"SOL","1700071976","1700071982","6","62.36523292"
"ETH","1700072020","1700072031","11","2032.728288438"
"SOL","1700071820","1700071822","2","61.745"
"BTC","1700072135","1700072140","5","37130.317727272"
"BTC","1700071925","1700071931","6","37009.463629149"
"ETH","1700071747","1700071757","10","2012.72625"
"ETH","1700071893","1700071895","2","2018.535823045"
"SOL","1700071915","1700071919","4","61.977090935"
"BTC","1700071866","1700071867","1","36652.355227272"
"SOL","1700072004","1700072007","3","62.45560375"
"BTC","1700071904","1700071910","6","36713.751616313"
"SOL","1700072018","1700072022","4","62.47000408"
"SOL","1700072080","1700072083","3","62.40022507"
"BTC","1700072063","1700072072","9","37044.18060958"
"BTC","1700071976","1700071982","6","37120.625465683"
"BTC","1700071940","1700071956","16","37033.986201945"
"ETH","1700072085","1700072086","1","2030.924825048"
"SOL","1700071869","1700071872","3","61.90252218"
"SOL","1700072094","1700072098","4","62.348279045"
"ETH","1700072166","1700072169","3","2043.546198882"
"BTC","1700072186","1700072194","8","37257.47566576"
"SOL","1700071746","1700071755","9","61.68207871"
"SOL","1700072191","1700072194","3","62.928552115"
"BTC","1700071774","1700071780","6","36534.444570975"
"BTC","1700071787","1700071789","2","36539.280554478"
"ETH","1700072019","1700072022","3","2032.958969415"
"BTC","1700072009","1700072012","3","37051.78910016"
"SOL","1700071831","1700071834","3","61.754086"
"ETH","1700071959","1700071963","4","2022.84720924"
"BTC","1700072039","1700072043","4","37013.527865761"
"SOL","1700071871","1700071873","2","61.90038365"
"ETH","1700071944","1700071956","12","2025.080847555"
"ETH","1700071984","1700071990","6","2026.920931342"
"BTC","1700071989","1700071991","2","37160.69957626"
"BTC","1700072109","1700072113","4","37092.778697478"
"BTC","1700071800","1700071804","4","36556.117335118"
"SOL","1700071763","1700071767","4","61.70167543"
"SOL","1700071879","1700071885","6","61.927513"
"SOL","1700072171","1700072173","2","62.729900641"
"SOL","1700072044","1700072049","5","62.58256438"
"SOL","1700072137","1700072142","5","62.8146491"
"SOL","1700072132","1700072140","8","62.81319872"
"SOL","1700071948","1700071952","4","62.218296495"
"ETH","1700071882","1700071887","5","2019.05751292"
"SOL","1700072189","1700072194","5","62.89813992"
"BTC","1700071818","1700071822","4","36558.915"
"SOL","1700071747","1700071754","7","61.694073365"
"BTC","1700071886","1700071888","2","36705.468830875"
"ETH","1700071943","1700071955","12","2024.981153846"
"ETH","1700072119","1700072123","4","2039.407818061"
"SOL","1700072138","1700072141","3","62.829955315"
"BTC","1700071765","1700071767","2","36518.43462906"
"SOL","1700072184","1700072188","4","62.869186615"
"ETH","1700072060","1700072071","11","2032.849922001"
"ETH","1700071782","1700071784","2","2013.465809933"
"SOL","1700072045","1700072046","1","62.57444299"
"SOL","1700072080","1700072083","3","62.40022507"
"ETH","1700072092","1700072098","6","2032.628333333"
"SOL","1700072004","1700072007","3","62.45560375"
"BTC","1700072154","1700072158","4","37186.781639328"
"ETH","1700072010","1700072014","4","2031.48808514"
"BTC","1700071900","1700071909","9","36699.71540814"
"BTC","1700072049","1700072052","3","37090.82132628"
"SOL","1700072066","1700072072","6","62.40401303"
"ETH","1700071796","1700071800","4","2014.005844795"
"ETH","1700071961","1700071968","7","2023.531713439"
"SOL","1700071999","1700072004","5","62.5628775"
"BTC","1700072130","1700072133","3","37115.96375"
"SOL","1700072148","1700072151","3","62.74974"
"SOL","1700072129","1700072131","2","62.76479846"
"BTC","1700072160","1700072167","7","37256.750188957"
"BTC","1700071898","1700071900","2","36685.184560047"
"ETH","1700072173","1700072182","9","2041.533479526"
"ETH","1700072212","1700072293","81","2042.79155193"
"SOL","1700071989","1700071991","2","62.35167038"
"BTC","1700071923","1700071936","13","37075.7815625"
"BTC","1700072206","1700072208","2","37277.147939164"
"SOL","1700071912","1700071916","4","61.97525"
"BTC","1700071813","1700071819","6","36561.9719755"
"SOL","1700071916","1700071923","7","61.999046228"
"ETH","1700071941","1700071956","15","2025.218651345"
"ETH","1700072131","1700072138","7","2039.95879096"
"BTC","1700071755","1700071762","7","36523.6975"
"BTC","1700071832","1700071834","2","36566.54367493"
"SOL","1700071765","1700071767","2","61.70033766"
"SOL","1700072136","1700072138","2","62.818932541"
"BTC","1700071931","1700071938","7","37096.216710365"
"SOL","1700071883","1700071889","6","61.95"
"SOL","1700072116","1700072118","2","62.711304145"
"SOL","1700072144","1700072146","2","62.748004395"
"ETH","1700072184","1700072188","4","2043.032294578"
"SOL","1700071952","1700071961","9","62.14261998"
"SOL","1700072072","1700072077","5","62.455"
"SOL","1700071764","1700071767","3","61.70060541"
"SOL","1700071860","1700071863","3","61.80702616"
"ETH","1700071935","1700071937","2","2025.577383594"
"SOL","1700071893","1700071895","2","61.93415135"
"ETH","1700071871","1700071873","2","2017.842756225"
"ETH","1700072098","1700072101","3","2032.3225"
"SOL","1700071817","1700071819","2","61.74157142"
"SOL","1700072073","1700072076","3","62.46554761"
"ETH","1700072021","1700072023","2","2032.357469815"
"ETH","1700072066","1700072072","6","2033.49"
"SOL","1700071774","1700071781","7","61.71072654"
"BTC","1700071875","1700071878","3","36683.310629269"
"BTC","1700071916","1700071925","9","36751.334562886"
"ETH","1700072135","1700072137","2","2039.758414945"
"ETH","1700071746","1700071751","5","2012.567718665"
"SOL","1700071761","1700071763","2","61.71228563"
"BTC","1700072096","1700072101","5","37040.899024402"
"SOL","1700072139","1700072142","3","62.820902045"
"ETH","1700072172","1700072173","1","2041.323181813"
"SOL","1700071907","1700071911","4","61.96337284"
"ETH","1700071796","1700071804","8","2014.005844795"
"SOL","1700071875","1700071878","3","61.91528201"
"ETH","1700072096","1700072101","5","2032.18"
"SOL","1700072119","1700072124","5","62.778395458"
"SOL","1700071797","1700071804","7","61.74256815"
"SOL","1700071882","1700071889","7","61.954504815"
"BTC","1700072044","1700072046","2","37064.417615134"
"ETH","1700071876","1700071878","2","2018.65697378"
"SOL","1700071876","1700071878","2","61.938207242"
"SOL","1700072147","1700072148","1","62.739411075"
"ETH","1700072176","1700072182","6","2041.7375"
"BTC","1700072117","1700072121","4","37099.896875"
"BTC","1700072028","1700072032","4","37054.090953428"
"ETH","1700071756","1700071762","6","2012.91741274"
"BTC","1700071807","1700071812","5","36562.26491495"
"BTC","1700071811","1700071812","1","36561.576452296"
"ETH","1700071979","1700071982","3","2027.676896583"
"ETH","1700071839","1700071843","4","2016.090459635"
"SOL","1700071804","1700071810","6","61.749051995"
"SOL","1700072051","1700072052","1","62.535576923"
"BTC","1700071976","1700071982","6","37120.625465683"
"SOL","1700071888","1700071891","3","61.946999466"
"BTC","1700072015","1700072024","9","37054.574038197"
"SOL","1700072202","1700072205","3","63.05375"
"BTC","1700072211","1700072216","5","37247.921013496"
"ETH","1700071829","1700071834","5","2014.702266435"
"SOL","1700071916","1700071925","9","61.999046228"
"SOL","1700071830","1700071834","4","61.759051"
"SOL","1700071894","1700071899","5","61.92954"
"SOL","1700071872","1700071873","1","61.917784965"
"SOL","1700072077","1700072078","1","62.43780243"
"BTC","1700071917","1700071924","7","36801.622567049"
"ETH","1700072035","1700072037","2","2031.277851375"
"SOL","1700071957","1700071960","3","62.14691889"
"BTC","1700071775","1700071780","5","36537.283154997"
"ETH","1700071972","1700071981","9","2026.16601719"
"ETH","1700071893","1700071895","2","2018.535823045"
"SOL","1700072079","1700072082","3","62.40424095"
"SOL","1700072080","1700072082","2","62.40022507"
"BTC","1700072191","1700072194","3","37304.001477272"
"ETH","1700071814","1700071819","5","2014.184627916"
"ETH","1700072073","1700072078","5","2033.32372313"
"ETH","1700072112","1700072115","3","2035.57374691"
"SOL","1700072148","1700072153","5","62.74974"
"ETH","1700072153","1700072158","5","2039.91672428"
"BTC","1700071924","1700071932","8","37060.236626657"
"BTC","1700072157","1700072160","3","37234.989525307"
"BTC","1700071746","1700071755","9","36524.277868926"
"BTC","1700072066","1700072068","2","37051.322727272"
"BTC","1700072080","1700072082","2","37036.389483695"
"ETH","1700072075","1700072078","3","2033.20813916"
"ETH","1700072205","1700072208","3","2045.162873705"
"SOL","1700071879","1700071884","5","61.927513"
"BTC","1700071882","1700071887","5","36708.74345238"
"BTC","1700071928","1700071937","9","37111.4588906"
"ETH","1700072066","1700072073","7","2033.517573915"
"BTC","1700071859","1700071866","7","36639.24954524"
"ETH","1700071760","1700071765","5","2012.7825"
"BTC","1700071980","1700071982","2","37180.121596661"
"SOL","1700072169","1700072171","2","62.77941471"
"ETH","1700072112","1700072115","3","2035.57374691"
"BTC","1700071867","1700071872","5","36657.65136017"
"ETH","1700071871","1700071873","2","2017.842756225"
"ETH","1700071911","1700071912","1","2018.65298112"
"ETH","1700071848","1700071850","2","2017.611745"
"BTC","1700072111","1700072115","4","37085.87840479"
"BTC","1700071851","1700071858","7","36636.963536975"
"SOL","1700072167","1700072169","2","62.77398196"
"BTC","1700071948","1700071956","8","36959.29281627"
"BTC","1700071808","1700071812","4","36563.06411792"
"ETH","1700072147","1700072148","1","2039.146678175"
"ETH","1700072044","1700072046","2","2032.599284675"
"ETH","1700072115","1700072116","1","2036.48875"
"BTC","1700071797","1700071804","7","36556.26485821"
"SOL","1700071836","1700071839","3","61.8102124"
"SOL","1700071850","1700071855","5","61.81864316"
"BTC","1700071892","1700071897","5","36690.53734415"
"BTC","1700071960","1700071965","5","36973.450430398"
"ETH","1700071964","1700071971","7","2025.09894025"
"BTC","1700072175","1700072180","5","37194.70764524"
"ETH","1700072219","1700072293","74","2043.12772017"
"ETH","1700072023","1700072034","11","2031.65467389"
"SOL","1700071898","1700071899","1","61.93686987"
"BTC","1700072024","1700072034","10","37037.809121971"
"SOL","1700071748","1700071754","6","61.692499995"
"ETH","1700071871","1700071873","2","2017.842756225"
"ETH","1700071942","1700071955","13","2025.055314876"
"BTC","1700072055","1700072061","6","37060.586228981"
"SOL","1700072024","1700072032","8","62.489531025"
"BTC","1700072045","1700072046","1","37072.209717121"
"BTC","1700072043","1700072045","2","37050.59784715"
"BTC","1700071915","1700071919","4","36716.404656256"
"SOL","1700071770","1700071773","3","61.71413803"
"SOL","1700071831","1700071834","3","61.754086"
"BTC","1700071809","1700071812","3","36562.30041625"
"SOL","1700072014","1700072022","8","62.46342923"
"BTC","1700071766","1700071770","4","36518.814862201"
"BTC","1700072020","1700072023","3","37059.801388365"
"BTC","1700072166","1700072169","3","37208.935995196"
"SOL","1700071774","1700071780","6","61.71072654"
"BTC","1700071782","1700071787","5","36540.873964545"
"SOL","1700071747","1700071754","7","61.694073365"
"ETH","1700071974","1700071982","8","2026.858131376"
"SOL","1700071998","1700072004","6","62.56962526"
"SOL","1700072063","1700072070","7","62.40940326"
"BTC","1700071996","1700072004","8","37168.305781366"
"ETH","1700071760","1700071765","5","2012.7825"
"ETH","1700071852","1700071857","5","2017.179021013"
"BTC","1700071910","1700071912","2","36698.19875"
"BTC","1700072125","1700072129","4","37107.144980115"
"SOL","1700072145","1700072146","1","62.73760001"
"ETH","1700071950","1700071955","5","2023.55031065"
"BTC","1700071971","1700071974","3","37058.749322491"
"ETH","1700072091","1700072095","4","2031.557085505"
"ETH","1700071927","1700071931","4","2026.893311543"
"ETH","1700071848","1700071850","2","2017.611745"
"ETH","1700071949","1700071952","3","2023.62857606"
"SOL","1700071875","1700071878","3","61.915"
"SOL","1700071992","1700071996","4","62.40974613"
"BTC","1700071901","1700071908","7","36702.707659646"
"SOL","1700072128","1700072130","2","62.769057575"
"BTC","1700071833","1700071837","4","36571.21717493"
"SOL","1700071747","1700071753","6","61.694073365"
"SOL","1700071847","1700071852","5","61.82802167"
"BTC","1700072027","1700072034","7","37043.86050158"
"SOL","1700071965","1700071971","6","62.296367291"
"SOL","1700072209","1700072211","2","63.021034685"
"BTC","1700071938","1700071955","17","37040.770963777"
"SOL","1700071775","1700071781","6","61.71268329"
"ETH","1700072181","1700072191","10","2042.349305555"
"SOL","1700072047","1700072051","4","62.562243135"
"ETH","1700071992","1700071994","2","2033.027732894"
"BTC","1700071973","1700071982","9","37094.081153846"
"ETH","1700072009","1700072011","2","2031.550387865"
"ETH","1700072194","1700072196","2","2045.418787343"
"ETH","1700071799","1700071804","5","2014.12887127"
"SOL","1700071943","1700071957","14","62.26840299"
"BTC","1700071999","1700072003","4","37131.289966528"
"ETH","1700072208","1700072209","1","2044.77061422"
"SOL","1700072207","1700072208","1","63.0336775"
"BTC","1700071828","1700071831","3","36559.14154823"
"ETH","1700071850","1700071858","8","2017.64"
"ETH","1700071916","1700071925","9","2019.897446043"
"BTC","1700072003","1700072007","4","37080.967083333"
"SOL","1700071841","1700071843","2","61.76302987"
"ETH","1700072090","1700072092","2","2031.239085505"
"ETH","1700071992","1700071994","2","2033.027732894"
"SOL","1700072131","1700072137","6","62.82342909"
"SOL","1700071953","1700071961","8","62.154074365"
"BTC","1700071944","1700071952","8","37002.208023675"
"BTC","1700071831","1700071833","2","36566.54467493"
"ETH","1700071963","1700071972","9","2024.460050565"
"ETH","1700072045","1700072046","1","2032.69415188"
"ETH","1700072112","1700072115","3","2035.57374691"
"ETH","1700071772","1700071774","2","2013.095953315"
"BTC","1700071842","1700071844","2","36617.107421365"
"ETH","1700072134","1700072137","3","2039.454613"
"ETH","1700072052","1700072056","4","2032.542561895"
"SOL","1700072061","1700072071","10","62.422237355"
"BTC","1700072128","1700072129","1","37114.135"
"ETH","1700071853","1700071863","10","2017.023939185"
"SOL","1700072153","1700072158","5","62.75125"
"SOL","1700072051","1700072052","1","62.535576923"
"SOL","1700072045","1700072046","1","62.57444299"
"BTC","1700072170","1700072171","1","37188.80016596"
"BTC","1700071960","1700071965","5","36973.450430398"
"SOL","1700071858","1700071866","8","61.8130127"
"BTC","1700071823","1700071825","2","36566.346666661"
"BTC","1700071858","1700071863","5","36642.45690039"
"SOL","1700071902","1700071910","8","61.97950084"
"BTC","1700071903","1700071910","7","36714.435386475"
"ETH","1700072032","1700072035","3","2032.00033"
"BTC","1700072202","1700072206","4","37284.636666661"
"ETH","1700071900","1700071910","10","2018.525"
"BTC","1700071767","1700071770","3","36520.629545895"
"SOL","1700072018","1700072024","6","62.47000408"
"BTC","1700072212","1700072293","81","37240.366458335"
"BTC","1700072170","1700072171","1","37188.80016596"
"ETH","1700071872","1700071873","1","2018.08038698"
"ETH","1700071750","1700071757","7","2012.8954246"
"ETH","1700072005","1700072009","4","2032.556364683"
"BTC","1700071886","1700071888","2","36705.468830875"
"SOL","1700071877","1700071878","1","61.9275"
"SOL","1700071901","1700071909","8","61.95918962"
"SOL","1700072064","1700072069","5","62.409428511"
"ETH","1700072092","1700072094","2","2032.283333333"
"BTC","1700071751","1700071756","5","36523.97189438"
"ETH","1700071953","1700071961","8","2023.371012818"
"BTC","1700072079","1700072081","2","37042.04505735"
"BTC","1700072131","1700072138","7","37121.942700933"
"BTC","1700072115","1700072116","1","37098.56361758"
"BTC","1700072149","1700072153","4","37147.023825"
"ETH","1700072061","1700072070","9","2032.674023809"
"SOL","1700071899","1700071909","10","61.94036046"
"SOL","1700071936","1700071938","2","62.208323143"
"SOL","1700071951","1700071961","10","62.16398185"
"ETH","1700071989","1700071991","2","2030.928362068"
"BTC","1700072141","1700072142","1","37138.84893328"
"SOL","1700072103","1700072104","1","62.5125"
"BTC","1700072155","1700072160","5","37198.802413221"
"BTC","1700072159","1700072160","1","37252.285245405"
"BTC","1700072176","1700072182","6","37206.623194444"
"ETH","1700071839","1700071842","3","2016.090459635"
"ETH","1700071975","1700071982","7","2027.683855257"
"ETH","1700071915","1700071919","4","2019"
"ETH","1700071794","1700071797","3","2013.985647295"
"ETH","1700072009","1700072012","3","2031.550387865"
"SOL","1700072191","1700072194","3","62.928552115"
"SOL","1700071762","1700071763","1","61.70449999"
"BTC","1700071753","1700071757","4","36523.818558935"
"SOL","1700072175","1700072179","4","62.79336866"
"BTC","1700071751","1700071756","5","36523.97189438"
"BTC","1700072043","1700072045","2","37050.59784715"
"ETH","1700071993","1700072001","8","2033.979470643"
"ETH","1700072024","1700072034","10","2031.140392654"
"BTC","1700072054","1700072062","8","37071.28086699"
"BTC","1700072143","1700072146","3","37130.95187719"
"ETH","1700072121","1700072126","5","2039.42663517"
"BTC","1700072139","1700072142","3","37150.931486091"
"SOL","1700071847","1700071852","5","61.82802167"
"BTC","1700072164","1700072166","2","37231.127207438"
"BTC","1700072048","1700072052","4","37079.376660702"
"SOL","1700071927","1700071933","6","62.177480995"
"BTC","1700071816","1700071819","3","36561.82540543"
"BTC","1700071760","1700071762","2","36519.687699801"
"ETH","1700071772","1700071774","2","2013.095953315"
"ETH","1700071894","1700071899","5","2018.517499995"
"ETH","1700072217","1700072291","74","2042.660897925"
"BTC","1700071947","1700071954","7","36971.83540326"
"BTC","1700071967","1700071972","5","37040.53"
"ETH","1700071911","1700071912","1","2018.65298112"
"ETH","1700071852","1700071858","6","2017.179021013"
"ETH","1700071805","1700071811","6","2014.186496545"
"ETH","1700071747","1700071755","8","2012.72625"
"ETH","1700071827","1700071828","1","2014.658229235"
"BTC","1700071937","1700071952","15","37040.889642614"
"SOL","1700072141","1700072142","1","62.795819101"
"ETH","1700072118","1700072122","4","2038.362773851"
"BTC","1700071927","1700071933","6","37064.89423912"
"BTC","1700072078","1700072079","1","37040.22478513"
"ETH","1700071991","1700071993","2","2032.697632383"
"BTC","1700072039","1700072043","4","37013.527865761"
"SOL","1700072189","1700072193","4","62.89813992"
"BTC","1700072208","1700072209","1","37266.966242852"
"SOL","1700071765","1700071767","2","61.70033766"
"ETH","1700072094","1700072098","4","2032.772182425"
"ETH","1700071912","1700071914","2","2018.8275"
"ETH","1700071751","1700071756","5","2012.88182088"
"SOL","1700071747","1700071754","7","61.694073365"
"BTC","1700072003","1700072007","4","37080.967083333"
"ETH","1700072081","1700072083","2","2032.120192542"
"ETH","1700071902","1700071909","7","2018.83762484"
"SOL","1700071921","1700071926","5","62.221143745"
"ETH","1700071974","1700071982","8","2026.858131376"
"ETH","1700071975","1700071982","7","2027.683855257"
"SOL","1700072153","1700072157","4","62.75125"
"ETH","1700072150","1700072153","3","2039.7325"
"ETH","1700072112","1700072115","3","2035.57374691"
"BTC","1700072176","1700072181","5","37206.623194444"
"SOL","1700072080","1700072082","2","62.40022507"
"BTC","1700072077","1700072078","1","37043.169319235"
"SOL","1700072144","1700072146","2","62.748004395"
"SOL","1700072090","1700072091","1","62.292744625"
"SOL","1700071892","1700071895","3","61.939775675"
"ETH","1700072051","1700072052","1","2032.66855667"
"SOL","1700072116","1700072118","2","62.711304145"
"SOL","1700072174","1700072179","5","62.777191395"
"ETH","1700072078","1700072079","1","2032.87977318"
"ETH","1700072124","1700072129","5","2037.97061169"
"ETH","1700071747","1700071753","6","2012.72625"
"SOL","1700071962","1700071965","3","62.177669"
"BTC","1700071829","1700071833","4","36567.070774115"
"BTC","1700071803","1700071811","8","36555.91702701"
"ETH","1700071954","1700071961","7","2023.137584107"
"ETH","1700072046","1700072050","4","2032.575847083"
"ETH","1700071858","1700071863","5","2017.457643733"
"SOL","1700071903","1700071909","6","61.99015949"
"ETH","1700072204","1700072208","4","2045.23771"
"BTC","1700071828","1700071832","4","36559.14154823"
"BTC","1700071856","1700071863","7","36641.152584166"
"SOL","1700072024","1700072034","10","62.489531025"
"SOL","1700072044","1700072046","2","62.58256438"
"ETH","1700071870","1700071873","3","2017.82458563"
"BTC","1700071935","1700071938","3","37047.583126495"
"SOL","1700071915","1700071917","2","61.977090935"
"ETH","1700071797","1700071804","7","2014.116001685"
"BTC","1700072149","1700072151","2","37147.023825"
"BTC","1700072160","1700072166","6","37256.750188957"
"BTC","1700072196","1700072197","1","37317.438289176"
"SOL","1700071892","1700071895","3","61.939775675"
"SOL","1700072049","1700072052","3","62.53540394"
"ETH","1700071958","1700071961","3","2022.920337874"
"BTC","1700071813","1700071819","6","36561.9719755"
"BTC","1700072175","1700072180","5","37194.70764524"
"SOL","1700071885","1700071887","2","61.96296659"
"BTC","1700072209","1700072211","2","37256.153355411"
"ETH","1700071772","1700071774","2","2013.095953315"
"BTC","1700072071","1700072073","2","37036.79703185"
"SOL","1700072060","1700072071","11","62.436595975"
"ETH","1700071755","1700071762","7","2012.873545825"
"SOL","1700072064","1700072072","8","62.409428511"
"BTC","1700071839","1700071841","2","36606.042040721"
"ETH","1700071985","1700071989","4","2027.722232243"
"SOL","1700071944","1700071954","10","62.275575455"
"BTC","1700072024","1700072032","8","37037.809121971"
"ETH","1700072029","1700072032","3","2032.271113185"
"SOL","1700071992","1700071994","2","62.40974613"
"SOL","1700071953","1700071961","8","62.154074365"
"SOL","1700071912","1700071916","4","61.971418875"
"SOL","1700071819","1700071822","3","61.72533131"
"SOL","1700071748","1700071753","5","61.692499995"
"SOL","1700071764","1700071767","3","61.70060541"
"BTC","1700072035","1700072039","4","37019.619014049"
"SOL","1700071792","1700071795","3","61.73"
"SOL","1700071917","1700071927","10","62.042413773"
"ETH","1700071867","1700071872","5","2017.77294812"
"ETH","1700071823","1700071826","3","2014.40515392"
"BTC","1700071950","1700071953","3","36939.89055555"
"SOL","1700072099","1700072104","5","62.37739597"
"BTC","1700071996","1700072003","7","37168.305781366"
"SOL","1700072045","1700072046","1","62.57444299"
"SOL","1700072176","1700072182","6","62.829378101"
"SOL","1700072190","1700072194","4","62.91932955"
"SOL","1700071894","1700071899","5","61.92954"
"SOL","1700071903","1700071909","6","61.99015949"
"ETH","1700072140","1700072142","2","2039.5764675"
"BTC","1700072206","1700072208","2","37277.147939164"
"BTC","1700072200","1700072202","2","37274.669219011"
"ETH","1700071804","1700071806","2","2014.142545"
"ETH","1700071828","1700071831","3","2014.692855545"
"ETH","1700071938","1700071954","16","2025.255708791"
"SOL","1700072011","1700072014","3","62.454005555"
"BTC","1700072027","1700072032","5","37043.86050158"
"SOL","1700072061","1700072069","8","62.422237355"
"BTC","1700072020","1700072028","8","37059.801388365"
"SOL","1700071999","1700072003","4","62.5628775"
"SOL","1700071997","1700072001","4","62.589884645"
"SOL","1700072170","1700072172","2","62.759"
"ETH","1700072061","1700072071","10","2032.674023809"
"SOL","1700071948","1700071955","7","62.218296495"
"SOL","1700072056","1700072062","6","62.477886801"
"ETH","1700072081","1700072083","2","2032.120192542"
"BTC","1700072113","1700072115","2","37090.975000995"
"BTC","1700072160","1700072167","7","37256.750188957"
"ETH","1700071869","1700071872","3","2017.85958563"
"BTC","1700072167","1700072169","2","37200.740482456"
"ETH","1700072060","1700072068","8","2032.849922001"
"ETH","1700071851","1700071855","4","2017.246695568"
"BTC","1700071813","1700071819","6","36561.9719755"
"ETH","1700072059","1700072071","12","2033.18996465"
"ETH","1700072098","1700072103","5","2032.3225"
"BTC","1700072116","1700072118","2","37100.177142857"
"BTC","1700072075","1700072078","3","37036.19474414"
"SOL","1700071791","1700071796","5","61.744563805"
"SOL","1700071814","1700071819","5","61.750604505"
"BTC","1700072119","1700072122","3","37117.379568445"
"ETH","1700072094","1700072098","4","2032.772182425"
"BTC","1700071859","1700071863","4","36639.24954524"
"SOL","1700072194","1700072196","2","63.0523649"
"ETH","1700071928","1700071931","3","2028.039176293"
"ETH","1700071783","1700071784","1","2013.46375"
"ETH","1700071972","1700071980","8","2026.16601719"
"ETH","1700072141","1700072142","1","2039.206077315"
"BTC","1700071915","1700071919","4","36716.404656256"
"SOL","1700071994","1700072002","8","62.537668192"
"ETH","1700071858","1700071866","8","2017.457643733"
"BTC","1700072056","1700072060","4","37050.117599085"
"SOL","1700072154","1700072157","3","62.77083341"
"ETH","1700072178","1700072182","4","2042.762271335"
"SOL","1700072053","1700072059","6","62.506842777"
"ETH","1700072027","1700072034","7","2031.397328525"
"SOL","1700072035","1700072038","3","62.555480311"
"SOL","1700071774","1700071777","3","61.71072654"
"ETH","1700071879","1700071884","5","2018.808757495"
"ETH","1700072125","1700072129","4","2038.694453776"
"SOL","1700072180","1700072189","9","62.87428202"
"BTC","1700072197","1700072201","4","37302.532666666"
"ETH","1700072216","1700072293","77","2042.42569849"
"ETH","1700071944","1700071953","9","2025.080847555"
"SOL","1700071919","1700071926","7","62.133287251"
"ETH","1700072077","1700072078","1","2033.035169048"
"SOL","1700071951","1700071961","10","62.16398185"
"BTC","1700072018","1700072027","9","37051.996619945"
"BTC","1700072194","1700072196","2","37346.905391972"
"BTC","1700072216","1700072291","75","37236.855"
"BTC","1700071932","1700071937","5","37072.484056131"
"ETH","1700072194","1700072196","2","2045.418787343"
"ETH","1700071913","1700071919","6","2018.94"
"SOL","1700071934","1700071938","4","62.24252689"
"BTC","1700071762","1700071766","4","36518.94006118"
"SOL","1700072048","1700072052","4","62.545626875"
"ETH","1700072055","1700072062","7","2033.04877521"
"ETH","1700071783","1700071785","2","2013.46375"
"BTC","1700072155","1700072157","2","37198.802413221"
"SOL","1700071850","1700071858","8","61.81864316"
"BTC","1700071820","1700071822","2","36560.447472051"
"SOL","1700072092","1700072095","3","62.31391355"
"ETH","1700071804","1700071811","7","2014.142545"
"SOL","1700071765","1700071767","2","61.70033766"
"BTC","1700071976","1700071982","6","37120.625465683"
"BTC","1700072159","1700072160","1","37252.285245405"
"ETH","1700072080","1700072081","1","2032.7108275"
"SOL","1700072097","1700072101","4","62.35446024"
"ETH","1700072147","1700072148","1","2039.146678175"
"ETH","1700071956","1700071961","5","2022.183785711"
"BTC","1700072107","1700072112","5","37108.3144"
"ETH","1700072045","1700072046","1","2032.69415188"
"BTC","1700071940","1700071952","12","37033.986201945"
"SOL","1700072078","1700072079","1","62.415278705"
"ETH","1700071910","1700071912","2","2018.711764166"
"SOL","1700072024","1700072034","10","62.489531025"
"SOL","1700072052","1700072057","5","62.528596755"
"BTC","1700072066","1700072068","2","37051.322727272"
"SOL","1700072112","1700072115","3","62.6230249"
"ETH","1700071992","1700071994","2","2033.027732894"
"ETH","1700071939","1700071952","13","2025.399508664"
"BTC","1700071812","1700071819","7","36561.94797585"
"SOL","1700071856","1700071866","10","61.81935363"
"SOL","1700071747","1700071757","10","61.694073365"
"SOL","1700071811","1700071812","1","61.752863415"
"ETH","1700071927","1700071932","5","2026.893311543"
"ETH","1700072045","1700072046","1","2032.69415188"
"BTC","1700072113","1700072115","2","37090.975000995"
"BTC","1700072019","1700072022","3","37061.9092"
"BTC","1700072052","1700072056","4","37077.291367003"
"SOL","1700072072","1700072073","1","62.455"
"ETH","1700072052","1700072056","4","2032.542561895"
"ETH","1700071843","1700071848","5","2016.5846071"
"BTC","1700071959","1700071965","6","36959.892797065"
"ETH","1700071871","1700071873","2","2017.842756225"
"ETH","1700072120","1700072122","2","2039.493815789"
"ETH","1700072073","1700072077","4","2033.32372313"
"BTC","1700071809","1700071812","3","36562.30041625"
"BTC","1700072103","1700072104","1","37061.807974443"
"ETH","1700071855","1700071863","8","2017.43009601"
"ETH","1700071909","1700071911","2","2018.592909715"
"ETH","1700072143","1700072146","3","2038.654583333"
"ETH","1700071883","1700071889","6","2019.00025317"
"SOL","1700071994","1700072001","7","62.537668192"
"ETH","1700072141","1700072142","1","2039.206077315"
"SOL","1700072184","1700072185","1","62.869186615"
"ETH","1700071751","1700071756","5","2012.88182088"
"ETH","1700071911","1700071912","1","2018.65298112"
"SOL","1700071939","1700071956","17","62.267566176"
"SOL","1700072114","1700072116","2","62.66673469"
"BTC","1700071794","1700071797","3","36551.73199203"
"BTC","1700072167","1700072169","2","37200.740482456"
"SOL","1700072094","1700072098","4","62.348279045"
"SOL","1700071756","1700071759","3","61.70845159"
"ETH","1700071851","1700071859","8","2017.246695568"
"BTC","1700071789","1700071790","1","36540.990276207"
"BTC","1700072010","1700072014","4","37044.475775862"
"SOL","1700072059","1700072069","10","62.43700927"
"BTC","1700072039","1700072043","4","37013.527865761"
"BTC","1700072154","1700072157","3","37186.781639328"
"SOL","1700071746","1700071755","9","61.68207871"
"SOL","1700072194","1700072196","2","63.0523649"
"ETH","1700072096","1700072102","6","2032.18"
"ETH","1700071975","1700071982","7","2027.683855257"
"SOL","1700072187","1700072194","7","62.88825101"
"ETH","1700071938","1700071951","13","2025.255708791"
"ETH","1700072171","1700072173","2","2041.663559512"
"BTC","1700072050","1700072052","2","37090.794292405"
"SOL","1700071952","1700071961","9","62.14261998"
"BTC","1700071973","1700071982","9","37094.081153846"
"ETH","1700071932","1700071937","5","2026.640073869"
"SOL","1700072161","1700072166","5","62.846035"
"ETH","1700071827","1700071828","1","2014.658229235"
"BTC","1700072112","1700072115","3","37089.848471493"
"ETH","1700072173","1700072182","9","2041.533479526"
"BTC","1700071828","1700071834","6","36559.14154823"
"ETH","1700072053","1700072059","6","2032.992962962"
"SOL","1700071909","1700071911","2","61.94704725"
"SOL","1700072171","1700072173","2","62.729900641"
"SOL","1700072205","1700072208","3","63.07133421"
"ETH","1700072212","1700072293","81","2042.79155193"
"ETH","1700071986","1700071990","4","2028.424736065"
"BTC","1700071805","1700071811","6","36558.364128963"
"BTC","1700072145","1700072146","1","37140.437938323"
"BTC","1700071774","1700071779","5","36534.444570975"
"ETH","1700072018","1700072022","4","2033.0128325"
"BTC","1700071812","1700071819","7","36561.94797585"
"BTC","1700071931","1700071937","6","37096.216710365"
"ETH","1700072066","1700072072","6","2033.49"
"BTC","1700072117","1700072121","4","37099.896875"
"BTC","1700071754","1700071762","8","36523.56"
"BTC","1700072018","1700072023","5","37051.996619945"
"BTC","1700071957","1700071963","6","36961.12252701"
"SOL","1700071763","1700071765","2","61.70167543"
"BTC","1700072118","1700072124","6","37104.348985498"
"ETH","1700071785","1700071790","5","2013.45090188"
"ETH","1700072062","1700072069","7","2032.9475"
"SOL","1700072120","1700072122","2","62.79757308"
"BTC","1700072197","1700072202","5","37302.532666666"
"ETH","1700071900","1700071909","9","2018.525"
"ETH","1700072090","1700072091","1","2031.239085505"
"ETH","1700072202","1700072205","3","2044.302663735"
"ETH","1700071892","1700071895","3","2018.61507764"
"ETH","1700071919","1700071926","7","2025.301910112"
"SOL","1700071898","1700071900","2","61.93686987"
"ETH","1700071805","1700071807","2","2014.186496545"
"ETH","1700072031","1700072035","4","2032.0138"
"ETH","1700072039","1700072043","4","2030.830233032"
"BTC","1700071920","1700071923","3","37036.591151333"
"SOL","1700072173","1700072179","6","62.754355"
"SOL","1700072020","1700072028","8","62.46914058"
"BTC","1700071830","1700071833","3","36566.620788415"
"ETH","1700072213","1700072291","78","2042.760454318"
"SOL","1700072165","1700072166","1","62.81989135"
"ETH","1700072034","1700072035","1","2031.6025"
"SOL","1700071950","1700071954","4","62.18618533"
"SOL","1700071939","1700071955","16","62.267566176"
"BTC","1700071958","1700071964","6","36965.580978744"
"BTC","1700072110","1700072114","4","37088.633571428"
"BTC","1700071871","1700071873","2","36659.705"
"ETH","1700071888","1700071891","3","2018.811927215"
"ETH","1700071907","1700071911","4","2018.99929799"
"SOL","1700072000","1700072004","4","62.525840737"
"ETH","1700072018","1700072025","7","2033.0128325"
"ETH","1700072201","1700072204","3","2043.892047403"
"BTC","1700072111","1700072115","4","37085.87840479"
"SOL","1700071907","1700071911","4","61.96337284"
"ETH","1700071993","1700072003","10","2033.979470643"
"ETH","1700072117","1700072121","4","2037.18090955"
"ETH","1700072141","1700072142","1","2039.206077315"
"BTC","1700071991","1700071993","2","37182.320404466"
"ETH","1700072159","1700072160","1","2041.798319476"
"BTC","1700072176","1700072182","6","37206.623194444"
"SOL","1700071933","1700071938","5","62.257422062"
"BTC","1700071952","1700071961","9","36906.861001352"
"SOL","1700071986","1700071990","4","62.377225"
"SOL","1700072062","1700072071","9","62.4103075"
"BTC","1700072066","1700072068","2","37051.322727272"
"ETH","1700071949","1700071957","8","2023.62857606"
"ETH","1700071756","1700071762","6","2012.91741274"
"SOL","1700071841","1700071844","3","61.76302987"
"SOL","1700071747","1700071755","8","61.694073365"
"BTC","1700072137","1700072140","3","37147.38815014"
"BTC","1700071998","1700072004","6","37136.964884"
"BTC","1700072181","1700072188","7","37247.647857142"
"BTC","1700072141","1700072142","1","37138.84893328"
"BTC","1700071791","1700071796","5","36548.149232305"
"SOL","1700071938","1700071953","15","62.22821023"
"ETH","1700071747","1700071755","8","2012.72625"
"BTC","1700071986","1700071990","4","37140.698022394"
"BTC","1700072209","1700072211","2","37256.153355411"
"SOL","1700072182","1700072188","6","62.861716965"
"SOL","1700071770","1700071774","4","61.717744675"
"BTC","1700071960","1700071963","3","36973.450430398"
"ETH","1700072164","1700072166","2","2043.54887"
"ETH","1700072091","1700072095","4","2031.557085505"
"SOL","1700071948","1700071955","7","62.218296495"
"SOL","1700072015","1700072023","8","62.46980553"
"BTC","1700071910","1700071912","2","36698.19875"
"ETH","1700072125","1700072129","4","2038.694453776"
"ETH","1700072081","1700072083","2","2032.120192542"
"BTC","1700072178","1700072182","4","37236.670039083"
"BTC","1700071845","1700071851","6","36629.492268827"
"ETH","1700071909","1700071911","2","2018.592909715"
"ETH","1700072078","1700072079","1","2032.87977318"
"ETH","1700072003","1700072007","4","2030.864510735"
"SOL","1700071827","1700071831","4","61.74650353"
"SOL","1700071979","1700071982","3","62.43375"
"ETH","1700072081","1700072083","2","2032.120192542"
"ETH","1700071765","1700071767","2","2012.6775"
"BTC","1700071933","1700071937","4","37054.313607474"
"ETH","1700072051","1700072052","1","2032.66855667"
"BTC","1700072204","1700072208","4","37294.257819145"
"ETH","1700071884","1700071886","2","2019.170568395"
"SOL","1700071807","1700071811","4","61.77535543"
"SOL","1700071848","1700071850","2","61.840477375"
"ETH","1700071946","1700071957","11","2024.362329937"
"BTC","1700072018","1700072027","9","37051.996619945"
"ETH","1700072036","1700072039","3","2030.839339166"
"ETH","1700072046","1700072050","4","2032.575847083"
"ETH","1700072097","1700072101","4","2032.235"
"ETH","1700071760","1700071763","3","2012.7825"
"BTC","1700071746","1700071757","11","36524.277868926"
"SOL","1700071910","1700071912","2","61.946330428"
"BTC","1700071818","1700071820","2","36558.915"
"BTC","1700071902","1700071908","6","36708.26854"
"BTC","1700072145","1700072146","1","37140.437938323"
"SOL","1700072167","1700072169","2","62.77398196"
"SOL","1700071899","1700071902","3","61.934875"
"SOL","1700071925","1700071934","9","62.175795999"
"SOL","1700071898","1700071900","2","61.93686987"
"BTC","1700071962","1700071971","9","36989.82870797"
"ETH","1700072048","1700072052","4","2032.473493115"
"ETH","1700072094","1700072103","9","2032.772182425"
"SOL","1700072072","1700072073","1","62.455"
"BTC","1700072003","1700072007","4","37080.967083333"
"BTC","1700072061","1700072071","10","37036.917868213"
"BTC","1700071817","1700071819","2","36556.63687636"
"BTC","1700072029","1700072034","5","37061.293396657"
"ETH","1700072205","1700072208","3","2045.162873705"
"BTC","1700071844","1700071852","8","36622.216584311"
"SOL","1700071942","1700071954","12","62.25255102"
"SOL","1700071883","1700071889","6","61.95"
"ETH","1700071755","1700071762","7","2012.873545825"
"ETH","1700071855","1700071866","11","2017.43009601"
"ETH","1700071971","1700071982","11","2025.924588618"
"ETH","1700071979","1700071982","3","2027.676896583"
"SOL","1700072029","1700072032","3","62.573303153"
"SOL","1700071808","1700071812","4","61.770188655"
"SOL","1700072099","1700072104","5","62.37739597"
"SOL","1700071978","1700071982","4","62.43173181"
"SOL","1700072108","1700072114","6","62.640218866"
"ETH","1700071866","1700071867","1","2017.617185595"
"SOL","1700072140","1700072142","2","62.804541163"
"ETH","1700071858","1700071863","5","2017.457643733"
"SOL","1700072047","1700072051","4","62.562243135"
"SOL","1700072152","1700072157","5","62.73"
"SOL","1700072164","1700072166","2","62.810722271"
"SOL","1700071887","1700071891","4","61.95133562"
"SOL","1700072175","1700072179","4","62.79336866"
"SOL","1700072179","1700072181","2","62.882221265"
"BTC","1700072181","1700072188","7","37247.647857142"
"BTC","1700072205","1700072208","3","37289.582619245"
"BTC","1700071972","1700071982","10","37066.793333333"
"SOL","1700071858","1700071863","5","61.8130127"
"ETH","1700072154","1700072158","4","2040.077163885"
"SOL","1700071792","1700071795","3","61.73"
"BTC","1700072009","1700072014","5","37051.78910016"
"ETH","1700072158","1700072160","2","2041.385"
"BTC","1700071809","1700071812","3","36562.30041625"
"BTC","1700072061","1700072067","6","37036.917868213"
"BTC","1700072198","1700072202","4","37285.373910637"
"ETH","1700072166","1700072169","3","2043.546198882"
"ETH","1700071823","1700071825","2","2014.40515392"
"SOL","1700072113","1700072115","2","62.6575"
"SOL","1700072147","1700072149","2","62.739411075"
"BTC","1700072103","1700072104","1","37061.807974443"
"BTC","1700072198","1700072202","4","37285.373910637"
"ETH","1700071882","1700071889","7","2019.05751292"
"SOL","1700072219","1700072293","74","63.081792425"
"ETH","1700071887","1700071891","4","2019.0515"
"ETH","1700071746","1700071755","9","2012.567718665"
"ETH","1700071883","1700071889","6","2019.00025317"
"BTC","1700071790","1700071792","2","36543.64893145"
"ETH","1700071796","1700071800","4","2014.005844795"
"BTC","1700071871","1700071873","2","36659.705"
"ETH","1700071918","1700071925","7","2022.259047619"
"ETH","1700071887","1700071891","4","2019.0515"
"SOL","1700071792","1700071795","3","61.73"
"SOL","1700072157","1700072160","3","62.82535882"
"BTC","1700072191","1700072194","3","37302.773977272"
"ETH","1700071814","1700071819","5","2014.184627916"
"SOL","1700071873","1700071875","2","61.922083333"
"BTC","1700071974","1700071982","8","37097.444684182"
"ETH","1700072194","1700072197","3","2045.418787343"
"ETH","1700072078","1700072079","1","2032.87977318"
"SOL","1700072147","1700072148","1","62.739411075"
"BTC","1700071747","1700071755","8","36525.84973841"
"BTC","1700071747","1700071753","6","36525.84973841"
"SOL","1700071866","1700071867","1","61.885634801"
"SOL","1700072030","1700072034","4","62.54055937"
"SOL","1700072153","1700072157","4","62.75125"
"BTC","1700071943","1700071957","14","37005.0338757"
"BTC","1700071875","1700071877","2","36683.399090909"
"ETH","1700071917","1700071924","7","2021.751849315"
"BTC","1700072050","1700072052","2","37090.794292405"
"ETH","1700071769","1700071774","5","2012.75793188"
"BTC","1700071912","1700071914","2","36713.699104011"
"BTC","1700071871","1700071873","2","36659.705"
"SOL","1700071892","1700071895","3","61.939775675"
"SOL","1700072112","1700072115","3","62.6230249"
"SOL","1700072181","1700072188","7","62.857795666"
"SOL","1700071954","1700071961","7","62.15051437"
"SOL","1700071988","1700071992","4","62.35497482"
"BTC","1700072010","1700072014","4","37044.475775862"
"ETH","1700072155","1700072160","5","2040.343611111"
"BTC","1700072173","1700072176","3","37185.950278895"
"SOL","1700071816","1700071819","3","61.73834312"
"SOL","1700071851","1700071856","5","61.8169094"
"SOL","1700072130","1700072133","3","62.823395"
"BTC","1700072189","1700072194","5","37285.110973339"
"ETH","1700072060","1700072072","12","2032.849922001"
"BTC","1700072132","1700072141","9","37125.53109863"
"BTC","1700072091","1700072095","4","37036.490869345"
"BTC","1700071761","1700071765","4","36519.192144513"
"ETH","1700072209","1700072211","2","2044.111944444"
"BTC","1700071792","1700071795","3","36548.928017835"
"BTC","1700071887","1700071891","4","36700.69124436"
"BTC","1700071965","1700071969","4","37035.956522426"
"SOL","1700071751","1700071753","2","61.69076362"
"SOL","1700071917","1700071920","3","62.042413773"
"BTC","1700072191","1700072194","3","37302.773977272"
"SOL","1700071882","1700071887","5","61.954504815"
"SOL","1700071809","1700071812","3","61.75654809"
"ETH","1700071898","1700071900","2","2018.301675"
"SOL","1700072058","1700072069","11","62.44"
"BTC","1700071787","1700071790","3","36539.280554478"
"SOL","1700071833","1700071837","4","61.758260285"
"ETH","1700072045","1700072046","1","2032.69415188"
"BTC","1700072068","1700072073","5","37045.94052084"
"ETH","1700072171","1700072173","2","2041.663559512"
"SOL","1700071778","1700071781","3","61.73"
"ETH","1700072182","1700072188","6","2042.601880552"
"ETH","1700072215","1700072293","78","2042.470093625"
"BTC","1700072030","1700072034","4","37054.38009602"
"ETH","1700071982","1700071984","2","2026.762119883"
"SOL","1700072099","1700072104","5","62.37739597"
"SOL","1700072098","1700072103","5","62.35928304"
"BTC","1700072194","1700072197","3","37346.905391972"
"ETH","1700071768","1700071770","2","2012.8475"
"BTC","1700071799","1700071804","5","36555.9168864"
"ETH","1700072215","1700072290","75","2042.470093625"
"ETH","1700072135","1700072137","2","2039.758414945"
"BTC","1700072131","1700072140","9","37121.942700933"
"SOL","1700071941","1700071952","11","62.242652253"
"SOL","1700072132","1700072138","6","62.81319872"
"BTC","1700071990","1700071992","2","37168.128244708"
"ETH","1700071965","1700071969","4","2025.149763643"
"BTC","1700072002","1700072007","5","37083.001975"
"BTC","1700072081","1700072083","2","37032.904351249"
"SOL","1700072219","1700072293","74","63.081792425"
"SOL","1700072015","1700072019","4","62.464995785"
"BTC","1700071869","1700071872","3","36660.815453833"
"SOL","1700071875","1700071878","3","61.91528201"
"BTC","1700071847","1700071852","5","36648.682237015"
"BTC","1700072084","1700072086","2","37020.278620215"
"ETH","1700072165","1700072167","2","2043.198449545"
"ETH","1700072216","1700072293","77","2042.42569849"
"BTC","1700071880","1700071883","3","36701.565221958"
"BTC","1700071943","1700071956","13","37005.0338757"
"BTC","1700072097","1700072101","4","37047.819697205"
"SOL","1700071954","1700071961","7","62.15051437"
"ETH","1700071778","1700071781","3","2013.3074667"
"SOL","1700071968","1700071971","3","62.3539711"
"SOL","1700071747","1700071755","8","61.694073365"
"SOL","1700071948","1700071952","4","62.218296495"
"ETH","1700072057","1700072064","7","2032.821399875"
"SOL","1700072044","1700072046","2","62.58256438"
"ETH","1700071778","1700071781","3","2013.3074667"
"BTC","1700071964","1700071972","8","37027.37625"
"ETH","1700072143","1700072146","3","2038.654583333"
"ETH","1700072148","1700072152","4","2039.728791269"
"SOL","1700072157","1700072160","3","62.82535882"
"BTC","1700072165","1700072167","2","37218.489556129"
"SOL","1700071851","1700071856","5","61.8169094"
"ETH","1700071849","1700071859","10","2017.60500184"
"ETH","1700072066","1700072073","7","2033.517573915"
"ETH","1700071851","1700071859","8","2017.246695568"
"BTC","1700071746","1700071753","7","36524.277868926"
"SOL","1700072046","1700072048","2","62.581059166"
"BTC","1700072173","1700072182","9","37186.541201795"
"SOL","1700072208","1700072209","1","63.032568075"
"ETH","1700071909","1700071911","2","2018.592909715"
"SOL","1700071747","1700071755","8","61.694073365"
"BTC","1700072097","1700072103","6","37047.819697205"
"BTC","1700071780","1700071784","4","36540.817839535"
"ETH","1700072029","1700072034","5","2032.271113185"
"SOL","1700072030","1700072033","3","62.54055937"
"ETH","1700072138","1700072142","4","2039.885416666"
"BTC","1700072039","1700072044","5","37013.349865411"
"BTC","1700071787","1700071790","3","36539.280554478"
"SOL","1700071873","1700071875","2","61.924001628"
"SOL","1700071915","1700071919","4","61.977090935"
"ETH","1700071928","1700071936","8","2028.039176293"
"SOL","1700072176","1700072182","6","62.829378101"
"BTC","1700072084","1700072089","5","37020.278620215"
"BTC","1700071837","1700071841","4","36615.058770823"
"BTC","1700072130","1700072134","4","37115.96375"
"BTC","1700071975","1700071982","7","37127.332186126"
"ETH","1700071912","1700071914","2","2018.8275"
"ETH","1700072139","1700072142","3","2039.7075"
"ETH","1700071920","1700071924","4","2027.281618917"
"SOL","1700071928","1700071932","4","62.17692707"
"BTC","1700072061","1700072067","6","37036.917868213"
"SOL","1700071958","1700071965","7","62.13115637"
"ETH","1700072131","1700072138","7","2039.95879096"
"BTC","1700072023","1700072034","11","37048.261586103"
"BTC","1700072213","1700072291","78","37235.326451786"
"ETH","1700072107","1700072113","6","2034.484131915"
"BTC","1700071995","1700072004","9","37196.734286745"
"ETH","1700072012","1700072016","4","2031.29987524"
"ETH","1700072049","1700072052","3","2032.68850337"
"BTC","1700072075","1700072078","3","37036.19474414"
"ETH","1700072018","1700072023","5","2033.0128325"
"ETH","1700072109","1700072114","5","2034.42857456"
"ETH","1700071746","1700071755","9","2012.567718665"
"ETH","1700071862","1700071867","5","2017.38686813"
"ETH","1700071996","1700072001","5","2032.724828897"
"BTC","1700072098","1700072101","3","37046.825806385"
"BTC","1700072096","1700072101","5","37040.899024402"
"SOL","1700072095","1700072098","3","62.34413124"
"ETH","1700071854","1700071858","4","2017.10743917"
"ETH","1700071794","1700071797","3","2013.985647295"
"BTC","1700071876","1700071878","2","36692.037457865"
"SOL","1700071978","1700071982","4","62.43173181"
"SOL","1700071960","1700071965","5","62.14128206"
"BTC","1700072053","1700072060","7","37072.503448097"
"SOL","1700072090","1700072091","1","62.292744625"
"ETH","1700071967","1700071971","4","2025.674312965"
"BTC","1700072157","1700072160","3","37234.989525307"
"SOL","1700072176","1700072179","3","62.829378101"
"ETH","1700072219","1700072293","74","2043.12772017"
"ETH","1700071795","1700071804","9","2014.005844795"
"ETH","1700071746","1700071755","9","2012.567718665"
"SOL","1700072001","1700072007","6","62.46745201"
"SOL","1700071937","1700071956","19","62.18963965"
"SOL","1700072200","1700072202","2","63.01863721"
"BTC","1700072037","1700072039","2","37016.683499426"
"ETH","1700072108","1700072113","5","2034.22747456"
"SOL","1700072135","1700072138","3","62.805780276"
"BTC","1700071925","1700071933","8","37009.463629149"
"ETH","1700071843","1700071851","8","2016.5846071"
"SOL","1700072100","1700072104","4","62.37523375"
"ETH","1700072173","1700072179","6","2041.533479526"
"BTC","1700071796","1700071804","8","36544.52035579"
"ETH","1700072197","1700072201","4","2045.225638389"
"ETH","1700071898","1700071899","1","2018.301675"
"ETH","1700071842","1700071844","2","2016.507575"
"ETH","1700071942","1700071952","10","2025.055314876"
"BTC","1700072151","1700072157","6","37156.998173555"
"SOL","1700072061","1700072068","7","62.422237355"
"BTC","1700072072","1700072073","1","37042.21616296"
"ETH","1700071993","1700071997","4","2033.979470643"
"SOL","1700071957","1700071960","3","62.14691889"
"BTC","1700072024","1700072031","7","37037.809121971"
"ETH","1700072072","1700072073","1","2033.275599415"
"SOL","1700071796","1700071804","8","61.73037895"
"BTC","1700071989","1700071993","4","37160.69957626"
"ETH","1700072177","1700072179","2","2042.238127942"
"SOL","1700072085","1700072086","1","62.354684486"
"ETH","1700071749","1700071753","4","2012.7854246"
"ETH","1700071928","1700071933","5","2028.039176293"
"BTC","1700072071","1700072073","2","37036.79703185"
"BTC","1700072189","1700072192","3","37285.110973339"
"ETH","1700072112","1700072115","3","2035.57374691"
"SOL","1700072165","1700072166","1","62.81989135"
"SOL","1700072202","1700072204","2","63.05375"
"BTC","1700072147","1700072148","1","37142.67"
"SOL","1700072169","1700072171","2","62.77941471"
"SOL","1700071989","1700071992","3","62.35167038"
"SOL","1700072197","1700072202","5","63.087391478"
"ETH","1700072049","1700072052","3","2032.68850337"
"ETH","1700071765","1700071767","2","2012.6775"
"ETH","1700071788","1700071790","2","2013.46"
"SOL","1700071882","1700071887","5","61.954504815"
"SOL","1700072194","1700072196","2","63.0523649"
"SOL","1700071811","1700071812","1","61.752863415"
"ETH","1700072187","1700072194","7","2043.318802075"
"SOL","1700072030","1700072034","4","62.54055937"
"ETH","1700071899","1700071905","6","2018.291206833"
"SOL","1700072217","1700072293","76","63.056274985"
"BTC","1700071945","1700071952","7","36996.474969649"
"BTC","1700072209","1700072211","2","37256.153355411"
"BTC","1700072103","1700072104","1","37061.807974443"
"SOL","1700071862","1700071866","4","61.848045765"
"BTC","1700071808","1700071812","4","36563.06411792"
"ETH","1700072103","1700072106","3","2033.40618627"
"SOL","1700071949","1700071955","6","62.19606695"
"SOL","1700071809","1700071812","3","61.75654809"
"SOL","1700071746","1700071755","9","61.68207871"
"ETH","1700071931","1700071938","7","2027.431103116"
"ETH","1700071965","1700071971","6","2025.149763643"
"ETH","1700072195","1700072197","2","2045.202855831"
"BTC","1700071828","1700071834","6","36559.14154823"
"SOL","1700072111","1700072115","4","62.62814985"
"ETH","1700072206","1700072208","2","2045.0925"
"BTC","1700072030","1700072033","3","37054.38009602"
"BTC","1700072128","1700072130","2","37115.65200495"
"BTC","1700071768","1700071770","2","36526.096097624"
"ETH","1700071809","1700071812","3","2014.1962575"
"ETH","1700071747","1700071753","6","2012.72625"
"BTC","1700071943","1700071957","14","37005.0338757"
"SOL","1700072216","1700072293","77","63.03848723"
"SOL","1700072124","1700072129","5","62.69742067"
"SOL","1700071818","1700071821","3","61.73110339"
"SOL","1700071898","1700071899","1","61.93686987"
"BTC","1700071958","1700071965","7","36965.580978744"
"BTC","1700072065","1700072070","5","37049.999183932"
"BTC","1700071883","1700071887","4","36708.059792757"
"ETH","1700071852","1700071858","6","2017.179021013"
"SOL","1700072000","1700072009","9","62.525840737"
"BTC","1700072209","1700072211","2","37256.153355411"
"ETH","1700071757","1700071762","5","2012.693004643"
"BTC","1700071762","1700071766","4","36518.94006118"
"ETH","1700071798","1700071804","6","2014.12125"
"BTC","1700071856","1700071863","7","36641.152584166"
"ETH","1700071912","1700071914","2","2018.8275"
"ETH","1700071972","1700071982","10","2026.4225"
"ETH","1700071943","1700071955","12","2024.981153846"
"BTC","1700071800","1700071804","4","36556.117335118"
"SOL","1700071747","1700071755","8","61.694073365"
"BTC","1700071950","1700071955","5","36939.89055555"
"SOL","1700072194","1700072196","2","63.0523649"
"BTC","1700072204","1700072208","4","37294.257819145"
"ETH","1700072094","1700072098","4","2032.772182425"
"BTC","1700071904","1700071910","6","36713.751616313"
"SOL","1700072080","1700072082","2","62.40022507"
"ETH","1700072084","1700072087","3","2031.29687447"
"BTC","1700072164","1700072166","2","37231.127207438"
"SOL","1700072100","1700072104","4","62.37523375"
"ETH","1700071839","1700071842","3","2016.090459635"
"BTC","1700071790","1700071792","2","36543.64893145"
"BTC","1700072024","1700072033","9","37037.809121971"
"BTC","1700071908","1700071911","3","36698.631511675"
"ETH","1700071910","1700071912","2","2018.711764166"
"BTC","1700072079","1700072081","2","37042.04505735"
"BTC","1700071854","1700071855","1","36641.004398915"
"ETH","1700071994","1700072003","9","2034.34234822"
"SOL","1700071816","1700071819","3","61.73834312"
"SOL","1700072072","1700072073","1","62.455"
"SOL","1700072194","1700072196","2","63.0523649"
"BTC","1700071852","1700071858","6","36640.760416666"
"SOL","1700071858","1700071866","8","61.8130127"
"ETH","1700071875","1700071878","3","2018.57788745"
"ETH","1700071769","1700071772","3","2012.75793188"
"BTC","1700072006","1700072010","4","37076.134583333"
"ETH","1700072209","1700072210","1","2044.374650984"
"ETH","1700071951","1700071959","8","2023.054769275"
"BTC","1700072115","1700072116","1","37098.56361758"
"ETH","1700072057","1700072060","3","2032.821399875"
"BTC","1700071843","1700071848","5","36618.10644411"
"BTC","1700072045","1700072046","1","37072.209717121"
"BTC","1700072081","1700072083","2","37032.904351249"
"SOL","1700071772","1700071774","2","61.71390255"
"SOL","1700071966","1700071969","3","62.31161459"
"ETH","1700072039","1700072044","5","2030.813494642"
"SOL","1700072020","1700072024","4","62.46914058"
"SOL","1700072197","1700072202","5","63.087391478"
"ETH","1700072028","1700072034","6","2031.846666666"
"BTC","1700071956","1700071961","5","36926.433563783"
"SOL","1700071816","1700071819","3","61.73834312"
"SOL","1700072010","1700072014","4","62.4261839"
"SOL","1700072153","1700072158","5","62.75125"
"SOL","1700072028","1700072033","5","62.5161032"
"ETH","1700072116","1700072118","2","2036.789655516"
"ETH","1700071847","1700071850","3","2017.575"
"ETH","1700071796","1700071800","4","2014.005844795"
"SOL","1700071963","1700071972","9","62.19921208"
"BTC","1700072160","1700072165","5","37256.392293827"
"BTC","1700072178","1700072182","4","37236.670039083"
"ETH","1700072164","1700072169","5","2043.54887"
"ETH","1700071966","1700071971","5","2025.494594751"
"ETH","1700072084","1700072087","3","2031.29687447"
"ETH","1700071974","1700071982","8","2026.858131376"
"ETH","1700072182","1700072188","6","2042.601880552"
"ETH","1700072015","1700072021","6","2032.844335276"
"BTC","1700072018","1700072024","6","37051.996619945"
"SOL","1700071974","1700071982","8","62.375563058"
"ETH","1700071765","1700071767","2","2012.6775"
"ETH","1700071813","1700071819","6","2014.18205932"
"SOL","1700071811","1700071812","1","61.752863415"
"SOL","1700071943","1700071955","12","62.26840299"
"BTC","1700072197","1700072201","4","37302.532666666"
"ETH","1700072181","1700072191","10","2042.349305555"
"SOL","1700071836","1700071839","3","61.8102124"
"SOL","1700071965","1700071971","6","62.296367291"
"ETH","1700072098","1700072101","3","2032.3225"
"SOL","1700072176","1700072182","6","62.829378101"
"SOL","1700071870","1700071873","3","61.89752218"
"ETH","1700071972","1700071979","7","2026.16601719"
"BTC","1700071880","1700071889","9","36701.565221958"
"BTC","1700071928","1700071933","5","37111.4588906"
"ETH","1700072002","1700072007","5","2029.973943166"
"BTC","1700071923","1700071935","12","37075.7815625"
"ETH","1700072045","1700072046","1","2032.69415188"
"SOL","1700071910","1700071912","2","61.946330428"
"BTC","1700071797","1700071804","7","36556.26485821"
"ETH","1700071794","1700071797","3","2013.985647295"
"SOL","1700071854","1700071863","9","61.82298467"
"BTC","1700071932","1700071937","5","37072.484056131"
"ETH","1700072084","1700072087","3","2031.29687447"
"ETH","1700072135","1700072137","2","2039.758414945"
"ETH","1700071939","1700071954","15","2025.399508664"
"SOL","1700071909","1700071911","2","61.94704725"
"BTC","1700071866","1700071867","1","36652.355227272"
"ETH","1700071976","1700071982","6","2027.30401198"
"BTC","1700071747","1700071755","8","36525.84973841"
"ETH","1700071999","1700072004","5","2030.910314494"
"SOL","1700072061","1700072070","9","62.422237355"
"BTC","1700071802","1700071804","2","36555.512704645"
"ETH","1700072020","1700072023","3","2032.728288438"
"ETH","1700072032","1700072035","3","2032.00033"
"ETH","1700072202","1700072206","4","2044.302663735"
"ETH","1700071986","1700071990","4","2028.424736065"
"ETH","1700071780","1700071785","5","2013.4075"
"ETH","1700071944","1700071954","10","2025.080847555"
"BTC","1700072079","1700072082","3","37042.04505735"
"BTC","1700071762","1700071763","1","36518.94006118"
"BTC","1700071818","1700071820","2","36558.915"
"SOL","1700072069","1700072073","4","62.4733141"
"SOL","1700072173","1700072182","9","62.754355"
"BTC","1700072149","1700072155","6","37147.023825"
"SOL","1700072188","1700072194","6","62.89260264"
"SOL","1700071848","1700071850","2","61.840477375"
"BTC","1700072152","1700072157","5","37162.881200615"
"SOL","1700072034","1700072035","1","62.608333333"
"BTC","1700072187","1700072193","6","37266.803460485"
"SOL","1700072157","1700072160","3","62.82535882"
"BTC","1700072122","1700072126","4","37111.42025"
"ETH","1700072165","1700072167","2","2043.198449545"
"BTC","1700072179","1700072182","3","37256.291360773"
"BTC","1700071916","1700071920","4","36751.334562886"
"BTC","1700071925","1700071933","8","37009.463629149"
"BTC","1700072012","1700072016","4","37031.776063303"
"SOL","1700071746","1700071757","11","61.68207871"
"BTC","1700071995","1700072003","8","37196.734286745"
"ETH","1700072202","1700072208","6","2044.302663735"
"ETH","1700071843","1700071847","4","2016.5846071"
"SOL","1700071813","1700071819","6","61.75120901"
"BTC","1700072003","1700072007","4","37080.967083333"
"BTC","1700072083","1700072085","2","37021.237727272"
"SOL","1700072085","1700072087","2","62.354684486"
"BTC","1700072086","1700072090","4","37018.02204999"
"ETH","1700071764","1700071767","3","2012.62494178"
"ETH","1700072136","1700072138","2","2039.879795868"
"ETH","1700072018","1700072022","4","2033.0128325"
"BTC","1700071870","1700071873","3","36659.57"
"BTC","1700072134","1700072138","4","37125.28095895"
"ETH","1700071883","1700071889","6","2019.00025317"
"SOL","1700072136","1700072138","2","62.818932541"
"BTC","1700072197","1700072202","5","37302.532666666"
"BTC","1700072194","1700072197","3","37346.905391972"
"BTC","1700072178","1700072182","4","37236.670039083"
"SOL","1700072060","1700072071","11","62.436595975"
"ETH","1700071770","1700071774","4","2012.80625012"
"ETH","1700071952","1700071961","9","2022.77556753"
"BTC","1700071892","1700071898","6","36690.53734415"
"SOL","1700072113","1700072115","2","62.6575"
"BTC","1700071964","1700071971","7","37027.37625"
"ETH","1700072022","1700072034","12","2032.094285714"
"BTC","1700071898","1700071899","1","36685.184560047"
"ETH","1700071801","1700071804","3","2014.1387575"
"ETH","1700071948","1700071955","7","2023.7564375"
"SOL","1700072157","1700072159","2","62.82535882"
"BTC","1700072075","1700072078","3","37036.19474414"
"BTC","1700071891","1700071893","2","36691.83930681"
"SOL","1700072120","1700072124","4","62.79757308"
"BTC","1700071770","1700071774","4","36527.09396166"
"BTC","1700071941","1700071956","15","37025.672617452"
"SOL","1700072050","1700072052","2","62.535"
"ETH","1700071902","1700071909","7","2018.83762484"
"ETH","1700072129","1700072130","1","2039.804230571"
"BTC","1700071843","1700071851","8","36618.10644411"
"SOL","1700071974","1700071982","8","62.375563058"
"ETH","1700071981","1700071982","1","2027.275077991"
"ETH","1700072071","1700072073","2","2032.977365782"
"ETH","1700071894","1700071899","5","2018.48199448"
"BTC","1700072025","1700072034","9","37024.431199266"
"ETH","1700072039","1700072043","4","2030.830233032"
"SOL","1700072095","1700072098","3","62.34413124"
"BTC","1700072103","1700072104","1","37061.807974443"
"SOL","1700071923","1700071934","11","62.25999088"
"BTC","1700072166","1700072169","3","37208.935995196"
"BTC","1700072029","1700072032","3","37061.293396657"
"ETH","1700072205","1700072208","3","2045.162873705"
"ETH","1700072210","1700072211","1","2043.753463485"
"ETH","1700071838","1700071843","5","2016.2047884"
"SOL","1700071884","1700071889","5","61.954247095"
"SOL","1700072147","1700072148","1","62.739411075"
"ETH","1700071912","1700071914","2","2018.8275"
"ETH","1700071952","1700071961","9","2022.77556753"
"ETH","1700072078","1700072079","1","2032.87977318"
"SOL","1700072124","1700072129","5","62.69742067"
"SOL","1700071872","1700071873","1","61.917784965"
"BTC","1700072111","1700072115","4","37085.87840479"
"ETH","1700071811","1700071812","1","2014.160986035"
"SOL","1700071785","1700071790","5","61.73160281"
"SOL","1700072187","1700072194","7","62.88825101"
"BTC","1700071914","1700071919","5","36714.514979313"
"SOL","1700071914","1700071919","5","61.97144083"
"SOL","1700071992","1700071994","2","62.40974613"
"SOL","1700071886","1700071889","3","61.95956877"
"ETH","1700071949","1700071954","5","2023.62857606"
"BTC","1700072016","1700072024","8","37048.972714033"
"SOL","1700072206","1700072208","2","63.049652718"
"ETH","1700071981","1700071982","1","2027.275077991"
"BTC","1700071770","1700071774","4","36527.09396166"
"BTC","1700072173","1700072179","6","37186.541201795"
"SOL","1700071940","1700071956","16","62.248036195"
"SOL","1700071984","1700071990","6","62.385473075"
"ETH","1700072060","1700072071","11","2032.849922001"
"SOL","1700072115","1700072117","2","62.68125"
"BTC","1700072147","1700072148","1","37142.67"
"SOL","1700071966","1700071969","3","62.31161459"
"BTC","1700071979","1700071982","3","37165.005789473"
"BTC","1700071812","1700071818","6","36561.94797585"
"ETH","1700071989","1700071991","2","2030.928362068"
"BTC","1700072062","1700072069","7","37046.449"
"SOL","1700072081","1700072083","2","62.37562187"
"BTC","1700071999","1700072004","5","37131.289966528"
"SOL","1700072030","1700072034","4","62.54055937"
"SOL","1700072105","1700072114","9","62.649285714"
"ETH","1700072029","1700072032","3","2032.271113185"
"ETH","1700072100","1700072104","4","2032.7375"
"BTC","1700072179","1700072181","2","37248.426722108"
"BTC","1700071818","1700071820","2","36558.915"
"SOL","1700071872","1700071873","1","61.917784965"
"SOL","1700072049","1700072052","3","62.53540394"
"BTC","1700072080","1700072082","2","37036.389483695"
"BTC","1700072038","1700072039","1","37011.592510935"
"BTC","1700072050","1700072052","2","37090.794292405"
"BTC","1700072161","1700072167","6","37243.376469068"
"SOL","1700071886","1700071889","3","61.95956877"
"BTC","1700071928","1700071933","5","37111.4588906"
"ETH","1700072140","1700072142","2","2039.5764675"
"ETH","1700072135","1700072138","3","2039.758414945"
"SOL","1700071870","1700071873","3","61.89752218"
"BTC","1700071950","1700071952","2","36939.89055555"
"ETH","1700071753","1700071756","3","2012.821462491"
"ETH","1700072051","1700072052","1","2032.66855667"
"BTC","1700071947","1700071956","9","36971.83540326"
"BTC","1700071980","1700071982","2","37180.121596661"
"SOL","1700072073","1700072077","4","62.46554761"
"BTC","1700071800","1700071804","4","36556.117335118"
"BTC","1700072003","1700072007","4","37080.967083333"
"ETH","1700071865","1700071867","2","2017.39437119"
"ETH","1700072103","1700072106","3","2033.40618627"
"BTC","1700071932","1700071937","5","37072.484056131"
"ETH","1700071843","1700071848","5","2016.5846071"
"ETH","1700071999","1700072004","5","2030.910314494"
"ETH","1700072117","1700072121","4","2037.18090955"
"ETH","1700071774","1700071780","6","2013.228413335"
"SOL","1700072142","1700072145","3","62.8026659"
"SOL","1700072161","1700072166","5","62.846035"
"BTC","1700071746","1700071754","8","36524.277868926"
"ETH","1700072031","1700072035","4","2032.0138"
"BTC","1700072170","1700072171","1","37188.80016596"
"SOL","1700072175","1700072180","5","62.79336866"
"BTC","1700071788","1700071790","2","36539.64499843"
"SOL","1700071869","1700071872","3","61.90252218"
"ETH","1700071763","1700071767","4","2012.68103995"
"BTC","1700071992","1700071994","2","37178.450174519"
"ETH","1700071928","1700071934","6","2028.039176293"
"BTC","1700072129","1700072131","2","37118.84875"
"ETH","1700072106","1700072114","8","2034.4284562"
"BTC","1700072009","1700072012","3","37051.78910016"
"ETH","1700071865","1700071867","2","2017.39437119"
"SOL","1700072157","1700072160","3","62.82535882"
"SOL","1700071950","1700071953","3","62.18618533"
"ETH","1700072121","1700072126","5","2039.42663517"
"ETH","1700072129","1700072131","2","2039.804230571"
"BTC","1700071860","1700071864","4","36637.14353314"
"SOL","1700071876","1700071878","2","61.938207242"
"SOL","1700072153","1700072157","4","62.75125"
"BTC","1700071784","1700071789","5","36540.80918145"
"SOL","1700072011","1700072014","3","62.454005555"
"BTC","1700072090","1700072091","1","37033.83086934"
"BTC","1700072129","1700072131","2","37118.84875"
"BTC","1700071755","1700071762","7","36523.6975"
"ETH","1700072035","1700072037","2","2031.277851375"
"ETH","1700072075","1700072078","3","2033.20813916"
"BTC","1700072107","1700072114","7","37108.3144"
"ETH","1700072135","1700072137","2","2039.758414945"
"BTC","1700071872","1700071873","1","36670.845997357"
"BTC","1700071927","1700071931","4","37064.89423912"
"BTC","1700071877","1700071878","1","36694.462954545"
"ETH","1700071878","1700071884","6","2018.72383558"
"ETH","1700072175","1700072180","5","2041.639013555"
"SOL","1700072202","1700072205","3","63.05375"
"BTC","1700071794","1700071797","3","36551.73199203"
"BTC","1700072086","1700072090","4","37018.02204999"
"SOL","1700071966","1700071971","5","62.31161459"
"BTC","1700072143","1700072146","3","37130.95187719"
"SOL","1700071960","1700071965","5","62.14128206"
"SOL","1700072217","1700072293","76","63.056274985"
"ETH","1700072135","1700072137","2","2039.758414945"
"ETH","1700071779","1700071781","2","2013.42315374"
"ETH","1700071832","1700071833","1","2014.60062391"
"ETH","1700071997","1700072004","7","2032.21533899"
"ETH","1700072088","1700072090","2","2031.143324434"
"ETH","1700072181","1700072191","10","2042.349305555"
"BTC","1700072186","1700072192","6","37257.47566576"
"SOL","1700071879","1700071885","6","61.927513"
"BTC","1700072065","1700072071","6","37049.999183932"
"BTC","1700071837","1700071841","4","36615.058770823"
"SOL","1700072049","1700072052","3","62.53540394"
"ETH","1700072062","1700072070","8","2032.9475"
"ETH","1700071791","1700071797","6","2013.7"
"ETH","1700071805","1700071810","5","2014.186496545"
"BTC","1700071851","1700071857","6","36636.963536975"
"SOL","1700071784","1700071788","4","61.727358035"
"ETH","1700071893","1700071895","2","2018.535823045"
"BTC","1700072017","1700072022","5","37048.597159165"
"BTC","1700072208","1700072209","1","37266.966242852"
"SOL","1700072212","1700072291","79","63.000425"
"BTC","1700072032","1700072035","3","37033.241394225"
"SOL","1700071920","1700071924","4","62.187467275"
"SOL","1700072024","1700072033","9","62.489531025"
"ETH","1700072046","1700072049","3","2032.575847083"
"BTC","1700071910","1700071912","2","36698.19875"
"ETH","1700072110","1700072114","4","2034.609594594"
"SOL","1700072112","1700072115","3","62.6230249"
"ETH","1700072144","1700072146","2","2038.642104433"
"SOL","1700072194","1700072196","2","63.0523649"
"ETH","1700071929","1700071937","8","2027.903615888"
"SOL","1700072009","1700072011","2","62.437807495"
"SOL","1700071787","1700071789","2","61.713106"
"SOL","1700071916","1700071926","10","61.999046228"
"ETH","1700071787","1700071790","3","2013.36625"
"ETH","1700072155","1700072157","2","2040.343611111"
"BTC","1700072171","1700072173","2","37177.207536754"
"BTC","1700071778","1700071780","2","36540.6746305"
"SOL","1700071869","1700071872","3","61.90252218"
"BTC","1700071960","1700071965","5","36973.450430398"
"BTC","1700072024","1700072034","10","37037.809121971"
"SOL","1700072158","1700072160","2","62.830417505"
"BTC","1700071807","1700071812","5","36562.26491495"
"BTC","1700071841","1700071844","3","36613.1468161"
"BTC","1700072138","1700072142","4","37149.711"
"ETH","1700072176","1700072182","6","2041.7375"
"BTC","1700072149","1700072155","6","37147.023825"
"SOL","1700072196","1700072197","1","63.112507685"
"BTC","1700071976","1700071982","6","37120.625465683"
"BTC","1700072036","1700072038","2","37020.65762091"
"ETH","1700072050","1700072052","2","2032.955"
"SOL","1700071765","1700071767","2","61.70033766"
"ETH","1700071938","1700071957","19","2025.255708791"
"BTC","1700071869","1700071872","3","36660.815453833"
"ETH","1700071993","1700072001","8","2033.979470643"
"SOL","1700071748","1700071754","6","61.692499995"
"BTC","1700072000","1700072001","1","37111.73593037"
"BTC","1700072039","1700072043","4","37013.527865761"
"ETH","1700071828","1700071832","4","2014.692855545"
"SOL","1700072130","1700072141","11","62.823395"
"ETH","1700071978","1700071982","4","2027.56441666"
"ETH","1700071999","1700072001","2","2030.910314494"
"BTC","1700071945","1700071956","11","36996.474969649"
"ETH","1700072111","1700072115","4","2035.05917667"
"SOL","1700071771","1700071774","3","61.71484163"
"BTC","1700071992","1700071994","2","37178.450174519"
"SOL","1700071913","1700071917","4","61.97788417"
"BTC","1700071968","1700071972","4","37042.016318719"
"ETH","1700071975","1700071982","7","2027.683855257"
"ETH","1700071957","1700071961","4","2022.486939282"
"ETH","1700071962","1700071968","6","2024.120986879"
"BTC","1700072077","1700072078","1","37043.169319235"
"ETH","1700072167","1700072170","3","2043.20049743"
"BTC","1700071776","1700071780","4","36531.59471425"
"SOL","1700071816","1700071819","3","61.73834312"
"ETH","1700071957","1700071961","4","2022.486939282"
"SOL","1700071989","1700071991","2","62.35167038"
"BTC","1700071833","1700071837","4","36571.21717493"
"ETH","1700071993","1700071995","2","2033.979470643"
"SOL","1700072032","1700072035","3","62.633842736"
"SOL","1700072038","1700072039","1","62.513015"
"ETH","1700072009","1700072012","3","2031.550387865"
"SOL","1700071859","1700071863","4","61.8160874"
"BTC","1700071882","1700071886","4","36708.74345238"
"BTC","1700071814","1700071819","5","36562.54882843"
"ETH","1700072060","1700072068","8","2032.849922001"
"BTC","1700072017","1700072024","7","37048.597159165"
"BTC","1700071898","1700071899","1","36685.184560047"
"SOL","1700072111","1700072115","4","62.62814985"
"SOL","1700071989","1700071992","3","62.35167038"
"SOL","1700071778","1700071780","2","61.73"
"ETH","1700072068","1700072073","5","2033.681961543"
"SOL","1700072115","1700072118","3","62.68125"
"SOL","1700071904","1700071908","4","61.97457084"
"ETH","1700071814","1700071819","5","2014.184627916"
"BTC","1700071921","1700071925","4","37058.212761607"
"BTC","1700072196","1700072197","1","37317.438289176"
"BTC","1700071764","1700071767","3","36519.352362201"
"ETH","1700071944","1700071956","12","2025.080847555"
"SOL","1700072099","1700072104","5","62.37739597"
"BTC","1700072006","1700072009","3","37076.134583333"
"SOL","1700071926","1700071933","7","62.17016832"
"BTC","1700071872","1700071873","1","36670.845997357"
"ETH","1700072043","1700072045","2","2032.069870765"
"SOL","1700071747","1700071753","6","61.694073365"
"SOL","1700071851","1700071856","5","61.8169094"
"SOL","1700071853","1700071854","1","61.8060313"
"BTC","1700071804","1700071811","7","36556.677071296"
"BTC","1700072207","1700072208","1","37271.342849995"
"BTC","1700072069","1700072073","4","37042.963859805"
"BTC","1700071746","1700071754","8","36524.277868926"
"ETH","1700071978","1700071982","4","2027.56441666"
"SOL","1700071855","1700071864","9","61.81058237"
"ETH","1700072127","1700072130","3","2039.14436118"
"ETH","1700072082","1700072084","2","2031.702545185"
"ETH","1700071956","1700071961","5","2022.183785711"
"ETH","1700072216","1700072290","74","2042.42569849"
"ETH","1700071937","1700071952","15","2025.193499995"
"ETH","1700072045","1700072046","1","2032.69415188"
"SOL","1700072044","1700072046","2","62.58256438"
"BTC","1700071859","1700071863","4","36639.24954524"
"BTC","1700071870","1700071873","3","36659.57"
"BTC","1700072207","1700072208","1","37271.342849995"
"ETH","1700072062","1700072071","9","2032.9475"
"BTC","1700071775","1700071781","6","36537.283154997"
"SOL","1700071957","1700071960","3","62.14691889"
"ETH","1700071817","1700071819","2","2014.1971922"
"ETH","1700072095","1700072098","3","2032.64725746"
"BTC","1700071981","1700071982","1","37166.027459576"
"BTC","1700071850","1700071855","5","36644.997928414"
"BTC","1700072084","1700072087","3","37020.278620215"
"ETH","1700072027","1700072034","7","2031.397328525"
"BTC","1700071869","1700071872","3","36660.815453833"
"SOL","1700072050","1700072052","2","62.535"
"BTC","1700072097","1700072101","4","37047.819697205"
"BTC","1700072132","1700072138","6","37125.53109863"
"ETH","1700072216","1700072291","75","2042.42569849"
"ETH","1700071899","1700071910","11","2018.363627638"
"SOL","1700071746","1700071755","9","61.68207871"
"BTC","1700072095","1700072098","3","37044.227706725"
"BTC","1700072184","1700072188","4","37257.79239055"
"SOL","1700072000","1700072007","7","62.525840737"
"SOL","1700071893","1700071895","2","61.93415135"
"SOL","1700072108","1700072114","6","62.640218866"
"SOL","1700071901","1700071909","8","61.95918962"
"ETH","1700072073","1700072078","5","2033.32372313"
"BTC","1700071942","1700071955","13","37018.08231958"
"BTC","1700071884","1700071889","5","36710.126"
"ETH","1700071788","1700071790","2","2013.46"
"ETH","1700072136","1700072138","2","2039.879795868"
"BTC","1700071828","1700071832","4","36559.14154823"
"BTC","1700071798","1700071804","6","36547.91686"
"BTC","1700071948","1700071955","7","36959.29281627"
"ETH","1700072024","1700072034","10","2031.140392654"
"ETH","1700072078","1700072079","1","2032.87977318"
"BTC","1700072116","1700072118","2","37100.177142857"
"ETH","1700071765","1700071767","2","2012.6775"
"SOL","1700071812","1700071819","7","61.755"
"ETH","1700072080","1700072082","2","2032.549537905"
"SOL","1700072097","1700072099","2","62.35446024"
"ETH","1700072174","1700072182","8","2041.32931286"
"ETH","1700071957","1700071965","8","2022.598484782"
"ETH","1700072205","1700072208","3","2045.162873705"
"ETH","1700071985","1700071989","4","2027.722232243"
"SOL","1700071828","1700071833","5","61.74849999"
"BTC","1700071813","1700071819","6","36561.9719755"
"BTC","1700072194","1700072196","2","37346.905391972"
"ETH","1700071802","1700071804","2","2014.12497555"
"ETH","1700071910","1700071912","2","2018.711764166"
"BTC","1700071768","1700071770","2","36526.096097624"
"SOL","1700072086","1700072092","6","62.34223375"
"ETH","1700071792","1700071795","3","2013.89"
"BTC","1700071879","1700071884","5","36698.403045454"
"ETH","1700072001","1700072007","6","2030.24236861"
"ETH","1700072135","1700072138","3","2039.758414945"
"BTC","1700072077","1700072078","1","37043.169319235"
"SOL","1700072166","1700072169","3","62.77594177"
"BTC","1700071856","1700071863","7","36641.152584166"
"SOL","1700071914","1700071919","5","61.97144083"
"ETH","1700071830","1700071834","4","2014.605122865"
"SOL","1700071918","1700071924","6","62.082263397"
"BTC","1700071991","1700071994","3","37182.320404466"
"ETH","1700072000","1700072007","7","2030.556619166"
"SOL","1700071833","1700071837","4","61.758260285"
"SOL","1700071952","1700071961","9","62.14261998"
"SOL","1700072037","1700072039","2","62.54137827"
"SOL","1700072090","1700072091","1","62.292744625"
"BTC","1700072154","1700072158","4","37186.781639328"
"ETH","1700072155","1700072160","5","2040.343611111"
"BTC","1700071936","1700071937","1","37047.569427444"
"ETH","1700072103","1700072104","1","2033.323563225"
"SOL","1700072028","1700072034","6","62.5161032"
"BTC","1700072066","1700072073","7","37051.004177342"
"BTC","1700072117","1700072121","4","37099.896875"
"ETH","1700071843","1700071847","4","2016.5846071"
"SOL","1700071989","1700071992","3","62.35167038"
"SOL","1700072169","1700072171","2","62.77941471"
"SOL","1700072194","1700072196","2","63.0523649"
"BTC","1700072111","1700072115","4","37085.87840479"
"BTC","1700072142","1700072146","4","37133.543318965"
"SOL","1700071779","1700071781","2","61.7412827"
"ETH","1700071981","1700071982","1","2027.275077991"
"BTC","1700072075","1700072078","3","37036.19474414"
"BTC","1700072197","1700072202","5","37302.532666666"
"BTC","1700071968","1700071971","3","37042.016318719"
"SOL","1700072165","1700072166","1","62.81989135"
"BTC","1700071805","1700071808","3","36558.364128963"
"ETH","1700072119","1700072124","5","2039.407818061"
"ETH","1700071804","1700071809","5","2014.142545"
"ETH","1700071832","1700071834","2","2014.60062391"
"SOL","1700071852","1700071856","4","61.802509715"
"ETH","1700071940","1700071953","13","2025.196280417"
"BTC","1700071992","1700071994","2","37178.450174519"
"ETH","1700072061","1700072071","10","2032.674023809"
"ETH","1700071918","1700071926","8","2022.259047619"
"SOL","1700071877","1700071878","1","61.9275"
"BTC","1700072218","1700072290","72","37249.778512385"
"SOL","1700072112","1700072115","3","62.6230249"
"ETH","1700072009","1700072012","3","2031.550387865"
"BTC","1700071763","1700071767","4","36519.11536393"
"ETH","1700071975","1700071982","7","2027.683855257"
"ETH","1700072103","1700072104","1","2033.323563225"
"BTC","1700072156","1700072158","2","37218.124634455"
"SOL","1700072148","1700072154","6","62.75457142"
"BTC","1700072003","1700072007","4","37080.967083333"
"SOL","1700071823","1700071828","5","61.7543451"
"SOL","1700072148","1700072152","4","62.74974"
"ETH","1700071965","1700071972","7","2025.149763643"
"ETH","1700072071","1700072073","2","2032.977365782"
"BTC","1700072138","1700072142","4","37149.711"
"SOL","1700071916","1700071921","5","61.999046228"
"BTC","1700071877","1700071878","1","36694.462954545"
"ETH","1700071957","1700071961","4","2022.486939282"
"SOL","1700071781","1700071787","6","61.739"
"ETH","1700071870","1700071873","3","2017.82458563"
"ETH","1700071945","1700071954","9","2024.884586575"
"SOL","1700072097","1700072103","6","62.35446024"
"SOL","1700072020","1700072023","3","62.46914058"
"BTC","1700071866","1700071867","1","36652.355227272"
"SOL","1700072029","1700072032","3","62.573303153"
"ETH","1700071884","1700071887","3","2019.170568395"
"ETH","1700071841","1700071844","3","2016.46604135"
"SOL","1700072010","1700072014","4","62.4261839"
"BTC","1700072067","1700072077","10","37051.372509435"
"BTC","1700072094","1700072098","4","37046.184107342"
"ETH","1700071792","1700071797","5","2013.915"
"ETH","1700071851","1700071855","4","2017.246695568"
"ETH","1700071897","1700071899","2","2018.31580609"
"ETH","1700072009","1700072011","2","2031.550387865"
"BTC","1700071953","1700071961","8","36924.781138447"
"ETH","1700072024","1700072032","8","2031.140392654"
"ETH","1700071864","1700071867","3","2017.40931246"
"BTC","1700072097","1700072101","4","37047.819697205"
"BTC","1700072196","1700072197","1","37317.438289176"
"ETH","1700072108","1700072112","4","2034.22747456"
"ETH","1700072211","1700072293","82","2043.23625"
"ETH","1700071809","1700071812","3","2014.1962575"
"ETH","1700071823","1700071825","2","2014.40515392"
"ETH","1700071945","1700071956","11","2024.884586575"
"SOL","1700071949","1700071955","6","62.19606695"
"ETH","1700072058","1700072064","6","2033.22603094"
"ETH","1700071886","1700071892","6","2019.12125"
"ETH","1700072059","1700072071","12","2033.18996465"
"ETH","1700072153","1700072157","4","2039.91672428"
"SOL","1700071972","1700071980","8","62.34888134"
"ETH","1700072194","1700072196","2","2045.418787343"
"SOL","1700071828","1700071834","6","61.74849999"
"ETH","1700071871","1700071873","2","2017.842756225"
"SOL","1700071944","1700071951","7","62.275575455"
"ETH","1700072067","1700072077","10","2033.802431105"
"BTC","1700071919","1700071928","9","36932.444604377"
"BTC","1700071811","1700071812","1","36561.576452296"
"ETH","1700071931","1700071938","7","2027.431103116"
"SOL","1700071811","1700071812","1","61.752863415"
"ETH","1700071942","1700071957","15","2025.055314876"
"SOL","1700071883","1700071889","6","61.95"
"SOL","1700072152","1700072158","6","62.73"
"ETH","1700071910","1700071912","2","2018.711764166"
"BTC","1700072110","1700072112","2","37088.633571428"
"BTC","1700072151","1700072155","4","37156.998173555"
"SOL","1700072180","1700072188","8","62.87428202"
"ETH","1700072035","1700072037","2","2031.277851375"
"SOL","1700071834","1700071837","3","61.773129375"
"BTC","1700071828","1700071834","6","36559.14154823"
"ETH","1700072128","1700072130","2","2039.46506764"
"BTC","1700072129","1700072130","1","37118.84875"
"BTC","1700071949","1700071958","9","36947.09185961"
"ETH","1700071784","1700071789","5","2013.422777296"
"ETH","1700071828","1700071834","6","2014.692855545"
"ETH","1700071770","1700071774","4","2013.0957464"
"ETH","1700072017","1700072028","11","2033.114500881"
"ETH","1700071925","1700071934","9","2025.692644285"
"ETH","1700071980","1700071982","2","2027.931728636"
"BTC","1700072020","1700072024","4","37059.801388365"
"ETH","1700072020","1700072023","3","2032.728288438"
"BTC","1700071854","1700071866","12","36641.004398915"
"ETH","1700072209","1700072211","2","2044.111944444"
"SOL","1700072060","1700072071","11","62.436595975"
"ETH","1700071957","1700071961","4","2022.486939282"
"SOL","1700072119","1700072124","5","62.778395458"
"SOL","1700072195","1700072197","2","63.058928973"
"BTC","1700071919","1700071924","5","36932.444604377"
"SOL","1700072065","1700072069","4","62.39902157"
"ETH","1700072072","1700072077","5","2033.275599415"
"ETH","1700072154","1700072158","4","2040.077163885"
"BTC","1700071761","1700071765","4","36519.192144513"
"BTC","1700071992","1700071994","2","37178.450174519"
"SOL","1700072121","1700072124","3","62.795533054"
"BTC","1700071957","1700071961","4","36952.47417013"
"BTC","1700071823","1700071825","2","36566.346666661"
"ETH","1700071933","1700071938","5","2026.192777756"
"SOL","1700072194","1700072196","2","63.0523649"
"BTC","1700072049","1700072052","3","37090.82132628"
"SOL","1700071784","1700071788","4","61.72899865"
"ETH","1700071984","1700071990","6","2026.920931342"
"BTC","1700072211","1700072290","79","37243.495926921"
"SOL","1700071760","1700071765","5","61.70690318"
"ETH","1700071747","1700071755","8","2012.72625"
"SOL","1700071814","1700071819","5","61.750604505"
"SOL","1700071883","1700071889","6","61.95"
"BTC","1700072018","1700072024","6","37051.996619945"
"ETH","1700072066","1700072072","6","2033.49"
"SOL","1700072145","1700072146","1","62.73760001"
"BTC","1700071948","1700071954","6","36959.29281627"
"ETH","1700071952","1700071961","9","2022.77556753"
"ETH","1700072103","1700072104","1","2033.323563225"
"SOL","1700072207","1700072208","1","63.0336775"
"BTC","1700072031","1700072035","4","37047.32433111"
"ETH","1700072161","1700072166","5","2042.435574478"
"ETH","1700072090","1700072091","1","2031.239085505"
"ETH","1700072009","1700072011","2","2031.550387865"
"ETH","1700071941","1700071951","10","2025.218651345"
"ETH","1700072031","1700072035","4","2032.0138"
"BTC","1700072175","1700072180","5","37194.70764524"
"BTC","1700071763","1700071767","4","36519.11536393"
"BTC","1700071753","1700071756","3","36523.818558935"
"SOL","1700071842","1700071844","2","61.77464249"
"SOL","1700072043","1700072045","2","62.55955344"
"SOL","1700071843","1700071847","4","61.783556225"
"ETH","1700072164","1700072167","3","2043.54887"
"SOL","1700072208","1700072209","1","63.032568075"
"BTC","1700071866","1700071867","1","36652.355227272"
"SOL","1700072061","1700072069","8","62.422237355"
"SOL","1700071993","1700072003","10","62.48632874"
"SOL","1700071926","1700071933","7","62.17016832"
"SOL","1700071892","1700071895","3","61.939775675"
"SOL","1700071927","1700071931","4","62.177480995"
"ETH","1700071997","1700072003","6","2032.21533899"
"SOL","1700072039","1700072043","4","62.5075"
"SOL","1700071802","1700071804","2","61.74256815"
"SOL","1700072211","1700072293","82","63.010122935"
"ETH","1700071950","1700071954","4","2023.55031065"
"SOL","1700071771","1700071774","3","61.71484163"
"BTC","1700071852","1700071859","7","36640.760416666"
"SOL","1700071922","1700071924","2","62.238636363"
"SOL","1700071912","1700071915","3","61.97525"
"SOL","1700072173","1700072175","2","62.754355"
"ETH","1700071908","1700071911","3","2018.51257503"
"ETH","1700072043","1700072045","2","2032.069870765"
"BTC","1700072164","1700072167","3","37231.127207438"
"SOL","1700072201","1700072204","3","63.01701712"
"ETH","1700072184","1700072188","4","2043.032294578"
"BTC","1700072045","1700072046","1","37072.209717121"
"SOL","1700072075","1700072078","3","62.43535"
"SOL","1700072139","1700072142","3","62.820902045"
"ETH","1700072144","1700072146","2","2038.642104433"
"SOL","1700072160","1700072166","6","62.835694042"
"SOL","1700072216","1700072290","74","63.03848723"
"SOL","1700072198","1700072202","4","63.029610165"
"SOL","1700071907","1700071911","4","61.96337284"
"ETH","1700071957","1700071961","4","2022.486939282"
"SOL","1700071965","1700071969","4","62.296367291"
"ETH","1700072217","1700072291","74","2042.660897925"
"ETH","1700072182","1700072188","6","2042.601880552"
"SOL","1700072051","1700072052","1","62.535576923"
"ETH","1700072035","1700072037","2","2031.277851375"
"ETH","1700072180","1700072188","8","2042.99187512"
"BTC","1700071746","1700071753","7","36524.277868926"
"BTC","1700071827","1700071832","5","36566.652357455"
"SOL","1700071972","1700071982","10","62.35962843"
"ETH","1700072027","1700072033","6","2031.397328525"
"SOL","1700072065","1700072067","2","62.39902157"
"ETH","1700072181","1700072191","10","2042.349305555"
"SOL","1700071981","1700071982","1","62.420111195"
"SOL","1700072155","1700072158","3","62.779776793"
"SOL","1700072174","1700072179","5","62.777191395"
"BTC","1700072045","1700072046","1","37072.209717121"
"ETH","1700072183","1700072188","5","2042.769938855"
"ETH","1700071901","1700071910","9","2018.691131968"
"BTC","1700071903","1700071908","5","36714.435386475"
"SOL","1700071827","1700071831","4","61.74650353"
"SOL","1700071839","1700071843","4","61.78001839"
"ETH","1700071924","1700071932","8","2027.309635306"
"BTC","1700072099","1700072104","5","37055.055482388"
"BTC","1700072142","1700072146","4","37133.543318965"
"BTC","1700072158","1700072160","2","37244.829488288"
"SOL","1700072219","1700072293","74","63.081792425"
"SOL","1700071866","1700071867","1","61.885634801"
"ETH","1700071788","1700071790","2","2013.46"
"ETH","1700071973","1700071982","9","2026.9935"
"ETH","1700071888","1700071891","3","2018.811927215"
"ETH","1700072046","1700072050","4","2032.575847083"
"SOL","1700071787","1700071789","2","61.713106"
"ETH","1700072191","1700072194","3","2044.627430938"
"SOL","1700071781","1700071785","4","61.739"
"BTC","1700071885","1700071889","4","36706.93214724"
"ETH","1700071851","1700071855","4","2017.246695568"
"BTC","1700071862","1700071867","5","36644.56615"
"SOL","1700071884","1700071889","5","61.954247095"
"ETH","1700072157","1700072160","3","2040.991785714"
"SOL","1700071932","1700071937","5","62.27257463"
"SOL","1700072137","1700072140","3","62.81025112"
"SOL","1700071994","1700072001","7","62.537668192"
"BTC","1700072066","1700072068","2","37051.322727272"
"ETH","1700071842","1700071844","2","2016.507575"
"SOL","1700071848","1700071850","2","61.840477375"
"BTC","1700072082","1700072089","7","37021.438687371"
"ETH","1700072099","1700072104","5","2032.47"
"SOL","1700071979","1700071982","3","62.43375"
"SOL","1700072028","1700072033","5","62.5161032"
"BTC","1700071932","1700071938","6","37072.484056131"
"BTC","1700072131","1700072141","10","37121.942700933"
"SOL","1700071989","1700071991","2","62.35167038"
"BTC","1700071828","1700071832","4","36559.14154823"
"SOL","1700071788","1700071790","2","61.713056"
"SOL","1700071937","1700071940","3","62.18963965"
"BTC","1700072157","1700072160","3","37234.989525307"
"BTC","1700072103","1700072104","1","37061.807974443"
"BTC","1700072145","1700072146","1","37140.437938323"
"BTC","1700072211","1700072220","9","37243.495926921"
"ETH","1700071911","1700071912","1","2018.65298112"
"SOL","1700071916","1700071923","7","61.999046228"
"ETH","1700072135","1700072140","5","2039.758414945"
"SOL","1700072194","1700072196","2","63.0523649"
"SOL","1700071746","1700071753","7","61.68207871"
"ETH","1700072003","1700072007","4","2030.864510735"
"ETH","1700072121","1700072126","5","2039.42663517"
"BTC","1700071781","1700071784","3","36541.189622625"
"ETH","1700071973","1700071982","9","2026.9935"
"BTC","1700071843","1700071847","4","36618.10644411"
"SOL","1700072128","1700072129","1","62.735127185"
"BTC","1700072211","1700072290","79","37243.495926921"
"BTC","1700072011","1700072014","3","37040.307570183"
"BTC","1700072169","1700072171","2","37197.951021105"
"SOL","1700072095","1700072098","3","62.34413124"
"ETH","1700071794","1700071796","2","2013.985647295"
"SOL","1700071755","1700071759","4","61.705350122"
"SOL","1700071870","1700071873","3","61.89752218"
"BTC","1700071932","1700071937","5","37072.484056131"
"BTC","1700071850","1700071858","8","36644.997928414"
"BTC","1700071858","1700071866","8","36642.45690039"
"SOL","1700071944","1700071956","12","62.275575455"
"BTC","1700071828","1700071833","5","36559.14154823"
"BTC","1700071885","1700071886","1","36706.93214724"
"BTC","1700071915","1700071919","4","36716.404656256"
"ETH","1700071870","1700071873","3","2017.82458563"
"BTC","1700071806","1700071812","6","36559.77750457"
"BTC","1700071775","1700071780","5","36537.283154997"
"ETH","1700071956","1700071961","5","2022.183785711"
"BTC","1700071753","1700071760","7","36523.818558935"
"ETH","1700072172","1700072173","1","2041.323181813"
"SOL","1700072003","1700072007","4","62.45678228"
"SOL","1700071982","1700071989","7","62.41262883"
"SOL","1700071927","1700071932","5","62.177480995"
"SOL","1700071992","1700071994","2","62.40974613"
"SOL","1700072025","1700072032","7","62.513221554"
"SOL","1700072046","1700072047","1","62.581059166"
"SOL","1700071820","1700071822","2","61.745"
"ETH","1700071841","1700071844","3","2016.46604135"
"ETH","1700071975","1700071982","7","2027.683855257"
"ETH","1700071790","1700071792","2","2013.58"
"SOL","1700071748","1700071757","9","61.692499995"
"BTC","1700071850","1700071858","8","36644.997928414"
"BTC","1700071828","1700071831","3","36559.14154823"
"SOL","1700071922","1700071924","2","62.238636363"
"ETH","1700072016","1700072021","5","2032.9225073"
"ETH","1700072099","1700072104","5","2032.47"
"BTC","1700072105","1700072114","9","37103.217"
"ETH","1700072029","1700072034","5","2032.271113185"
"SOL","1700071904","1700071910","6","61.97457084"
"ETH","1700072051","1700072052","1","2032.66855667"
"SOL","1700072076","1700072078","2","62.44060124"
"ETH","1700072158","1700072160","2","2041.385"
"ETH","1700072160","1700072167","7","2042.263400152"
"BTC","1700072198","1700072202","4","37285.373910637"
"SOL","1700072015","1700072021","6","62.464995785"
"ETH","1700072164","1700072167","3","2043.54887"
"BTC","1700072119","1700072124","5","37117.379568445"
"ETH","1700072213","1700072291","78","2042.760454318"
"BTC","1700072057","1700072062","5","37043.807499995"
"BTC","1700072146","1700072148","2","37139.24"
"SOL","1700071965","1700071971","6","62.296367291"
"BTC","1700071985","1700071989","4","37132.516675415"
"BTC","1700071820","1700071824","4","36560.447472051"
"SOL","1700072100","1700072104","4","62.37523375"
"BTC","1700072121","1700072126","5","37122.643931823"
"SOL","1700072119","1700072124","5","62.778395458"
"ETH","1700071838","1700071841","3","2016.2047884"
"BTC","1700071991","1700071993","2","37182.320404466"
"BTC","1700071746","1700071755","9","36524.277868926"
"SOL","1700071842","1700071844","2","61.77464249"
"SOL","1700071897","1700071900","3","61.93373974"
"SOL","1700071954","1700071961","7","62.15051437"
"ETH","1700072059","1700072069","10","2033.18996465"
"ETH","1700072102","1700072104","2","2033.315348939"
"ETH","1700071779","1700071781","2","2013.42315374"
"BTC","1700071871","1700071873","2","36659.705"
"ETH","1700071805","1700071811","6","2014.186496545"
"SOL","1700071828","1700071833","5","61.74849999"
"SOL","1700071986","1700071990","4","62.377225"
"ETH","1700071960","1700071965","5","2023.187744955"
"ETH","1700072115","1700072116","1","2036.48875"
"BTC","1700072206","1700072208","2","37277.147939164"
"ETH","1700071888","1700071891","3","2018.811927215"
"BTC","1700071989","1700071991","2","37160.69957626"
"SOL","1700072194","1700072197","3","63.0523649"
"ETH","1700071865","1700071867","2","2017.39437119"
"SOL","1700071746","1700071754","8","61.68207871"
"ETH","1700071788","1700071790","2","2013.46"
"BTC","1700071898","1700071899","1","36685.184560047"
"SOL","1700071756","1700071762","6","61.70845159"
"SOL","1700071805","1700071810","5","61.74889715"
"BTC","1700071966","1700071972","6","37039.707272727"
"SOL","1700072125","1700072129","4","62.68904823"
"BTC","1700072129","1700072131","2","37118.84875"
"SOL","1700072150","1700072154","4","62.754055"
"ETH","1700071894","1700071898","4","2018.517499995"
"SOL","1700071800","1700071804","4","61.755"
"SOL","1700071894","1700071899","5","61.92954"
"ETH","1700071898","1700071900","2","2018.301675"
"BTC","1700071876","1700071878","2","36692.037457865"
"ETH","1700072091","1700072095","4","2031.557085505"
"ETH","1700071886","1700071888","2","2019.12125"
"BTC","1700071893","1700071895","2","36688.113571428"
"ETH","1700071787","1700071790","3","2013.36625"
"ETH","1700071900","1700071910","10","2018.525"
"ETH","1700072103","1700072104","1","2033.323563225"
"BTC","1700071800","1700071804","4","36556.117335118"
"BTC","1700071866","1700071867","1","36652.355227272"
"BTC","1700071811","1700071812","1","36561.576452296"
"SOL","1700072154","1700072158","4","62.77083341"
"BTC","1700072027","1700072033","6","37043.86050158"
"BTC","1700071975","1700071982","7","37127.332186126"
"BTC","1700071828","1700071836","8","36559.14154823"
"SOL","1700071815","1700071819","4","61.75120901"
"BTC","1700071806","1700071811","5","36559.77750457"
"ETH","1700072115","1700072118","3","2036.48875"
"SOL","1700072120","1700072122","2","62.79757308"
"SOL","1700071907","1700071911","4","61.96337284"
"BTC","1700071981","1700071982","1","37166.027459576"
"BTC","1700072065","1700072069","4","37049.999183932"
"BTC","1700072108","1700072111","3","37093.41447787"
"ETH","1700071808","1700071812","4","2014.21145016"
"SOL","1700071787","1700071790","3","61.713106"
"SOL","1700071742","1700071750","8","61.65825904"
"ETH","1700072103","1700072104","1","2033.323563225"
"ETH","1700072028","1700072034","6","2031.846666666"
"SOL","1700071877","1700071878","1","61.9275"
"ETH","1700072079","1700072082","3","2032.8189525"
"ETH","1700072061","1700072072","11","2032.674023809"
"BTC","1700072131","1700072137","6","37121.942700933"
"BTC","1700072146","1700072149","3","37139.24"
"BTC","1700072139","1700072142","3","37150.931486091"
"SOL","1700072126","1700072129","3","62.69167622"
"SOL","1700072194","1700072196","2","63.0523649"
"BTC","1700071964","1700071971","7","37027.37625"
"SOL","1700072049","1700072052","3","62.53540394"
"BTC","1700072170","1700072172","2","37188.80016596"
"ETH","1700072015","1700072023","8","2032.983610261"
"SOL","1700071917","1700071924","7","62.042413773"
"ETH","1700072058","1700072071","13","2033.238221915"
"SOL","1700072024","1700072034","10","62.489531025"
"BTC","1700072129","1700072130","1","37118.84875"
"BTC","1700072184","1700072188","4","37257.79239055"
"SOL","1700071882","1700071887","5","61.954504815"
"ETH","1700071942","1700071955","13","2025.055314876"
"SOL","1700072210","1700072211","1","63.02504399"
"ETH","1700071850","1700071857","7","2017.64"
"BTC","1700071747","1700071755","8","36525.84973841"
"SOL","1700071951","1700071961","10","62.16398185"
"BTC","1700072059","1700072067","8","37039.938159444"
"BTC","1700072065","1700072070","5","37049.999183932"
"BTC","1700072141","1700072142","1","37138.84893328"
"SOL","1700072173","1700072174","1","62.75280177"
"SOL","1700071756","1700071762","6","61.70845159"
"BTC","1700072009","1700072012","3","37051.78910016"
"SOL","1700072185","1700072194","9","62.8727815"
"ETH","1700071827","1700071828","1","2014.658229235"
"BTC","1700071941","1700071956","15","37025.672617452"
"BTC","1700071963","1700071972","9","37007.296051934"
"SOL","1700071965","1700071971","6","62.296367291"
"BTC","1700072209","1700072211","2","37256.153355411"
"BTC","1700071809","1700071812","3","36562.30041625"
"SOL","1700072176","1700072182","6","62.829378101"
"BTC","1700071867","1700071870","3","36657.65136017"
"BTC","1700072058","1700072071","13","37040.96131614"
"ETH","1700072035","1700072039","4","2031.277851375"
"BTC","1700071761","1700071765","4","36519.192144513"
"ETH","1700072107","1700072114","7","2034.484131915"
"SOL","1700072145","1700072146","1","62.73760001"
"ETH","1700071993","1700072004","11","2033.979470643"
"SOL","1700072081","1700072083","2","62.37562187"
"ETH","1700072029","1700072034","5","2032.271113185"
"SOL","1700071764","1700071767","3","61.70060541"
"ETH","1700071974","1700071982","8","2026.858131376"
"BTC","1700071787","1700071790","3","36539.280554478"
"SOL","1700072166","1700072169","3","62.77594177"
"SOL","1700071792","1700071795","3","61.73"
"BTC","1700072139","1700072142","3","37150.931486091"
"BTC","1700072009","1700072012","3","37051.78910016"
"BTC","1700072194","1700072197","3","37346.905391972"
"BTC","1700071952","1700071961","9","36906.861001352"
"BTC","1700072208","1700072208","0","37266.966242852"
"SOL","1700072027","1700072034","7","62.517344405"
"ETH","1700072115","1700072118","3","2036.48875"
"BTC","1700072010","1700072014","4","37044.475775862"
"ETH","1700072117","1700072120","3","2037.18090955"
"ETH","1700071911","1700071912","1","2018.65298112"
"BTC","1700071882","1700071889","7","36708.74345238"
"BTC","1700071746","1700071753","7","36524.277868926"
"SOL","1700072191","1700072194","3","62.928552115"
"SOL","1700071972","1700071981","9","62.34888134"
"ETH","1700072050","1700072052","2","2032.955"
"SOL","1700071915","1700071919","4","61.977090935"
"SOL","1700071916","1700071923","7","61.999046228"
"BTC","1700071794","1700071797","3","36551.73199203"
"BTC","1700072116","1700072118","2","37100.177142857"
"ETH","1700071981","1700071982","1","2027.275077991"
"ETH","1700072143","1700072146","3","2038.654583333"
"SOL","1700072194","1700072197","3","63.0523649"
"SOL","1700071843","1700071847","4","61.783556225"
"ETH","1700072080","1700072082","2","2032.549537905"
"SOL","1700072097","1700072101","4","62.35446024"
"ETH","1700072197","1700072202","5","2045.225638389"
"ETH","1700072112","1700072115","3","2035.57374691"
"ETH","1700072053","1700072062","9","2032.992962962"
"SOL","1700071954","1700071961","7","62.15051437"
"SOL","1700071938","1700071952","14","62.22821023"
"SOL","1700072087","1700072090","3","62.34999999"
"ETH","1700072173","1700072182","9","2041.533479526"
"SOL","1700072124","1700072129","5","62.69742067"
"SOL","1700071871","1700071873","2","61.90038365"
"SOL","1700071903","1700071908","5","61.99015949"
"ETH","1700072216","1700072291","75","2042.42569849"
"SOL","1700071849","1700071855","6","61.81840116"
"SOL","1700072035","1700072038","3","62.555480311"
"ETH","1700072175","1700072180","5","2041.639013555"
"BTC","1700071891","1700071894","3","36691.83930681"
"BTC","1700071878","1700071885","7","36697.469166666"
"SOL","1700071918","1700071925","7","62.082263397"
"ETH","1700072211","1700072293","82","2043.23625"
"SOL","1700072077","1700072078","1","62.42891178"
"BTC","1700072113","1700072115","2","37090.975000995"
"BTC","1700071872","1700071873","1","36670.845997357"
"SOL","1700071905","1700071909","4","61.97918952"
"ETH","1700072091","1700072095","4","2031.557085505"
"SOL","1700072165","1700072167","2","62.81989135"
"SOL","1700072218","1700072293","75","63.04252333"
"ETH","1700072003","1700072007","4","2030.864510735"
"ETH","1700072209","1700072211","2","2044.111944444"
"ETH","1700071939","1700071957","18","2025.399508664"
"SOL","1700072065","1700072071","6","62.39902157"
"SOL","1700072073","1700072077","4","62.46554761"
"BTC","1700071924","1700071933","9","37060.236626657"
"BTC","1700071979","1700071982","3","37165.005789473"
"ETH","1700072132","1700072138","6","2040.255329158"
"BTC","1700071862","1700071864","2","36644.56615"
"ETH","1700072130","1700072141","11","2039.93393629"
"BTC","1700071956","1700071961","5","36926.433563783"
"SOL","1700071747","1700071755","8","61.694073365"
"SOL","1700072036","1700072037","1","62.58530553"
"SOL","1700072061","1700072071","10","62.422237355"
"SOL","1700072020","1700072022","2","62.46914058"
"SOL","1700072094","1700072098","4","62.348279045"
"ETH","1700071813","1700071819","6","2014.18205932"
"BTC","1700072189","1700072194","5","37285.110973339"
"ETH","1700072191","1700072194","3","2044.670759003"
"ETH","1700072063","1700072072","9","2032.943333333"
"SOL","1700072184","1700072188","4","62.869186615"
"ETH","1700071850","1700071857","7","2017.64"
"SOL","1700072063","1700072072","9","62.40940326"
"ETH","1700072075","1700072077","2","2033.20813916"
"SOL","1700071797","1700071804","7","61.74256815"
"BTC","1700071933","1700071938","5","37054.313607474"
"ETH","1700071746","1700071755","9","2012.567718665"
"SOL","1700071815","1700071819","4","61.75120901"
"SOL","1700072146","1700072148","2","62.75445"
"ETH","1700071988","1700071993","5","2030.203582333"
"BTC","1700072011","1700072014","3","37040.307570183"
"BTC","1700072073","1700072078","5","37043.994522104"
"SOL","1700072103","1700072104","1","62.5125"
"SOL","1700072216","1700072293","77","63.03848723"
"ETH","1700072039","1700072043","4","2030.830233032"
"BTC","1700071952","1700071961","9","36906.861001352"
"BTC","1700071753","1700071762","9","36523.818558935"
"BTC","1700071905","1700071910","5","36710.922499455"
"SOL","1700071820","1700071822","2","61.745"
"ETH","1700071756","1700071762","6","2012.91741274"
"BTC","1700071918","1700071927","9","36835.197304674"
"BTC","1700071805","1700071809","4","36558.364128963"
"SOL","1700071828","1700071833","5","61.74849999"
"SOL","1700071832","1700071834","2","61.74723613"
"ETH","1700071902","1700071908","6","2018.83762484"
"SOL","1700072068","1700072073","5","62.441456843"
"ETH","1700072124","1700072129","5","2037.97061169"
"BTC","1700072001","1700072007","6","37087.289844955"
"SOL","1700072219","1700072293","74","63.081792425"
"SOL","1700072135","1700072140","5","62.805780276"
"SOL","1700072016","1700072024","8","62.4991236"
"SOL","1700071932","1700071938","6","62.27257463"
"SOL","1700071858","1700071863","5","61.8130127"
"BTC","1700071789","1700071790","1","36540.990276207"
"ETH","1700072076","1700072078","2","2032.8675"
"BTC","1700071746","1700071756","10","36524.277868926"
"BTC","1700072050","1700072052","2","37090.794292405"
"SOL","1700072164","1700072167","3","62.810722271"
"SOL","1700071832","1700071834","2","61.74723613"
"SOL","1700071949","1700071956","7","62.19606695"
"ETH","1700072107","1700072112","5","2034.484131915"
"ETH","1700071975","1700071982","7","2027.683855257"
"ETH","1700072081","1700072083","2","2032.120192542"
"BTC","1700071910","1700071912","2","36698.19875"
"ETH","1700071892","1700071895","3","2018.61507764"
"SOL","1700072191","1700072194","3","62.928552115"
"ETH","1700072210","1700072211","1","2043.753463485"
"SOL","1700071885","1700071889","4","61.96296659"
"SOL","1700072112","1700072115","3","62.6230249"
"BTC","1700071789","1700071791","2","36540.990276207"
"ETH","1700072182","1700072188","6","2042.601880552"
"BTC","1700071985","1700071989","4","37132.516675415"
"SOL","1700072071","1700072073","2","62.4589831"
"ETH","1700071831","1700071833","2","2014.56095275"
"ETH","1700071764","1700071767","3","2012.62494178"
"BTC","1700072160","1700072165","5","37256.392293827"
"SOL","1700072173","1700072182","9","62.754355"
"ETH","1700072184","1700072188","4","2043.032294578"
"ETH","1700072096","1700072103","7","2032.18"
"ETH","1700072201","1700072202","1","2043.892047403"
"ETH","1700071812","1700071819","7","2014.18413554"
"BTC","1700072216","1700072293","77","37236.855"
"SOL","1700072141","1700072142","1","62.795819101"
"SOL","1700071808","1700071812","4","61.770188655"
"ETH","1700072010","1700072014","4","2031.48808514"
"ETH","1700072081","1700072082","1","2032.120192542"
"SOL","1700072054","1700072064","10","62.511883465"
"ETH","1700072175","1700072180","5","2041.639013555"
"ETH","1700071962","1700071966","4","2024.120986879"
"SOL","1700072145","1700072146","1","62.73760001"
"SOL","1700071772","1700071774","2","61.71390255"
"SOL","1700072001","1700072007","6","62.46745201"
"SOL","1700072012","1700072015","3","62.435"
"ETH","1700071842","1700071844","2","2016.507575"
"BTC","1700072065","1700072068","3","37049.999183932"
"ETH","1700071805","1700071811","6","2014.186496545"
"BTC","1700071947","1700071952","5","36971.83540326"
"SOL","1700072113","1700072115","2","62.6575"
"SOL","1700072211","1700072216","5","63.013771995"
"SOL","1700071765","1700071767","2","61.70033766"
"BTC","1700071784","1700071789","5","36540.662936345"
"SOL","1700072016","1700072023","7","62.4991236"
"ETH","1700071787","1700071790","3","2013.36625"
"BTC","1700072112","1700072115","3","37089.848471493"
"ETH","1700071747","1700071753","6","2012.72625"
"ETH","1700071918","1700071924","6","2022.259047619"
"ETH","1700071802","1700071804","2","2014.12497555"
"BTC","1700072183","1700072188","5","37251.584337655"
"SOL","1700071765","1700071767","2","61.70033766"
"ETH","1700071812","1700071819","7","2014.18413554"
"BTC","1700071764","1700071767","3","36519.352362201"
"ETH","1700072191","1700072194","3","2044.627430938"
"ETH","1700071839","1700071843","4","2016.090459635"
"BTC","1700071953","1700071961","8","36924.781138447"
"ETH","1700071788","1700071789","1","2013.46"
"BTC","1700072172","1700072173","1","37176.748049995"
"ETH","1700072173","1700072183","10","2041.533479526"
"BTC","1700072025","1700072034","9","37024.431199266"
"SOL","1700071834","1700071837","3","61.773129375"
"SOL","1700072023","1700072034","11","62.48271507"
"ETH","1700072186","1700072191","5","2043.074851271"
"BTC","1700071858","1700071863","5","36642.45690039"
"SOL","1700072002","1700072007","5","62.477051576"
"ETH","1700072035","1700072037","2","2031.277851375"
"SOL","1700072045","1700072046","1","62.57444299"
"ETH","1700071746","1700071748","2","2012.567718665"
"BTC","1700071984","1700071990","6","37142.339447028"
"SOL","1700071998","1700072004","6","62.56962526"
"BTC","1700071811","1700071812","1","36561.576452296"
"ETH","1700071830","1700071834","4","2014.605122865"
"ETH","1700071973","1700071982","9","2026.9935"
"BTC","1700071975","1700071982","7","37127.332186126"
"BTC","1700071747","1700071755","8","36525.84973841"
"ETH","1700072117","1700072122","5","2037.18090955"
"ETH","1700072080","1700072083","3","2032.549537905"
"ETH","1700071811","1700071812","1","2014.160986035"
"BTC","1700072200","1700072202","2","37274.669219011"
"BTC","1700071894","1700071898","4","36689.22375"
"BTC","1700072077","1700072079","2","37045.822928695"
"SOL","1700071775","1700071780","5","61.71268329"
"SOL","1700071993","1700071995","2","62.48632874"
"ETH","1700071912","1700071914","2","2018.8275"
"ETH","1700072172","1700072173","1","2041.323181813"
"SOL","1700071767","1700071770","3","61.704791916"
"ETH","1700071746","1700071756","10","2012.567718665"
"ETH","1700071828","1700071832","4","2014.692855545"
"ETH","1700071904","1700071908","4","2019.02612196"
"ETH","1700072102","1700072104","2","2033.315348939"
"ETH","1700071763","1700071767","4","2012.68103995"
"ETH","1700072218","1700072293","75","2042.845958783"
"ETH","1700072208","1700072209","1","2044.77061422"
"ETH","1700071959","1700071963","4","2022.84720924"
"BTC","1700071876","1700071878","2","36692.037457865"
"BTC","1700072194","1700072197","3","37346.905391972"
"ETH","1700071861","1700071863","2","2017.42617527"
"BTC","1700071901","1700071909","8","36702.707659646"
"SOL","1700072067","1700072073","6","62.41758042"
"BTC","1700071838","1700071842","4","36610.121768659"
"ETH","1700072086","1700072090","4","2030.73211057"
"BTC","1700071869","1700071872","3","36660.815453833"
"SOL","1700072078","1700072079","1","62.415278705"
"ETH","1700071754","1700071762","8","2012.87184262"
"SOL","1700071757","1700071760","3","61.70749999"
"ETH","1700071797","1700071804","7","2014.116001685"
"SOL","1700071894","1700071899","5","61.93086878"
"SOL","1700072113","1700072115","2","62.6575"
"SOL","1700072180","1700072188","8","62.87428202"
"SOL","1700072022","1700072028","6","62.4875"
"BTC","1700071982","1700071989","7","37142.422513547"
"ETH","1700072005","1700072009","4","2032.556364683"
"SOL","1700072098","1700072102","4","62.35928304"
"ETH","1700072198","1700072202","4","2044.789612348"
"BTC","1700072135","1700072141","6","37130.317727272"
"ETH","1700072120","1700072122","2","2039.493815789"
"ETH","1700072198","1700072202","4","2044.789612348"
"SOL","1700072100","1700072104","4","62.37523375"
"BTC","1700071782","1700071785","3","36540.873964545"
"BTC","1700072037","1700072039","2","37016.683499426"
"SOL","1700072046","1700072049","3","62.581059166"
"SOL","1700072048","1700072052","4","62.545626875"
"ETH","1700071850","1700071858","8","2017.64"
"SOL","1700071926","1700071931","5","62.17016832"
"SOL","1700071933","1700071937","4","62.257422062"
"BTC","1700072010","1700072014","4","37044.475775862"
"SOL","1700071901","1700071908","7","61.95918962"
"SOL","1700072103","1700072104","1","62.5125"
"BTC","1700072105","1700072107","2","37096.316872345"
"ETH","1700071877","1700071878","1","2018.743977585"
"ETH","1700071811","1700071812","1","2014.160986035"
"BTC","1700071809","1700071812","3","36562.30041625"
"ETH","1700071818","1700071820","2","2014.035"
"ETH","1700072128","1700072130","2","2039.46506764"
"ETH","1700072200","1700072202","2","2043.736272856"
"ETH","1700071843","1700071848","5","2016.5846071"
"SOL","1700072095","1700072098","3","62.34413124"
"SOL","1700071803","1700071807","4","61.74"
"BTC","1700071925","1700071931","6","37009.463629149"
"ETH","1700071855","1700071863","8","2017.43009601"
"ETH","1700072165","1700072166","1","2043.198449545"
"BTC","1700071859","1700071863","4","36639.24954524"
"SOL","1700071865","1700071867","2","61.868218135"
"SOL","1700071950","1700071952","2","62.18618533"
"ETH","1700072200","1700072202","2","2043.736272856"
"ETH","1700071851","1700071857","6","2017.246695568"
"ETH","1700071869","1700071872","3","2017.85958563"
"ETH","1700071937","1700071958","21","2025.193499995"
"ETH","1700071806","1700071812","6","2014.2025552"
"SOL","1700071878","1700071884","6","61.92496939"
"SOL","1700071958","1700071965","7","62.13115637"
"BTC","1700072153","1700072157","4","37177.19373454"
"BTC","1700072180","1700072188","8","37256.052020475"
"BTC","1700071994","1700072001","7","37207.08171806"
"ETH","1700071969","1700071974","5","2025.988380115"
"SOL","1700072155","1700072157","2","62.779776793"
"SOL","1700072185","1700072194","9","62.8727815"
"ETH","1700072191","1700072194","3","2044.627430938"
"SOL","1700071775","1700071781","6","61.71268329"
"SOL","1700072075","1700072077","2","62.43535"
"SOL","1700072016","1700072024","8","62.4991236"
"ETH","1700072141","1700072142","1","2039.206077315"
"SOL","1700071858","1700071866","8","61.8130127"
"SOL","1700072186","1700072191","5","62.88823462"
"ETH","1700072135","1700072137","2","2039.758414945"
"ETH","1700071899","1700071908","9","2018.363627638"
"BTC","1700071954","1700071961","7","36924.805527"
"SOL","1700072049","1700072052","3","62.53540394"
"SOL","1700072095","1700072098","3","62.34413124"
"BTC","1700071862","1700071864","2","36644.56615"
"ETH","1700072090","1700072091","1","2031.239085505"
"ETH","1700071838","1700071843","5","2016.2047884"
"SOL","1700071928","1700071931","3","62.17692707"
"ETH","1700072112","1700072115","3","2035.57374691"
"SOL","1700071958","1700071961","3","62.13115637"
"BTC","1700071789","1700071790","1","36540.990276207"
"ETH","1700071900","1700071910","10","2018.525"
"ETH","1700071967","1700071971","4","2025.674312965"
"ETH","1700072158","1700072160","2","2041.385"
"SOL","1700071886","1700071889","3","61.95956877"
"ETH","1700071746","1700071754","8","2012.567718665"
"ETH","1700072024","1700072034","10","2031.140392654"
"BTC","1700072205","1700072208","3","37289.582619245"
"ETH","1700072205","1700072208","3","2045.162873705"
"SOL","1700072212","1700072293","81","63.000425"
"BTC","1700071875","1700071877","2","36683.399090909"
"BTC","1700072115","1700072118","3","37098.56361758"
"BTC","1700071787","1700071790","3","36539.280554478"
"BTC","1700072010","1700072014","4","37044.475775862"
"SOL","1700072219","1700072293","74","63.081792425"
"SOL","1700071892","1700071895","3","61.939775675"
"SOL","1700072134","1700072138","4","62.797244649"
"ETH","1700071746","1700071755","9","2012.567718665"
"BTC","1700071829","1700071834","5","36567.070774115"
"BTC","1700072125","1700072129","4","37107.144980115"
"ETH","1700072048","1700072052","4","2032.473493115"
"BTC","1700071764","1700071767","3","36519.352362201"
"SOL","1700072075","1700072078","3","62.43535"
"SOL","1700071769","1700071774","5","61.70699053"
"BTC","1700071832","1700071834","2","36566.54367493"
"SOL","1700071945","1700071956","11","62.26940476"
"BTC","1700071968","1700071971","3","37042.016318719"
"SOL","1700072149","1700072151","2","62.746672155"
"SOL","1700071866","1700071867","1","61.885634801"
"ETH","1700072202","1700072204","2","2044.302663735"
"SOL","1700071974","1700071982","8","62.375563058"
"ETH","1700072132","1700072141","9","2040.255329158"
"BTC","1700072078","1700072079","1","37040.22478513"
"SOL","1700072115","1700072117","2","62.68125"
"BTC","1700071989","1700071991","2","37160.69957626"
"ETH","1700072091","1700072095","4","2031.557085505"
"BTC","1700071973","1700071982","9","37094.081153846"
"BTC","1700072117","1700072125","8","37099.33127"
"SOL","1700072090","1700072091","1","62.292744625"
"SOL","1700072209","1700072211","2","63.017521995"
"BTC","1700072108","1700072112","4","37093.41447787"
"BTC","1700071797","1700071804","7","36556.26485821"
"ETH","1700071857","1700071866","9","2017.424417732"
"SOL","1700071899","1700071904","5","61.934875"
"ETH","1700071975","1700071982","7","2027.683855257"
"BTC","1700072077","1700072078","1","37043.169319235"
"SOL","1700071893","1700071895","2","61.93415135"
"SOL","1700071746","1700071754","8","61.68207871"
"SOL","1700071761","1700071763","2","61.71228563"
"SOL","1700071944","1700071954","10","62.275575455"
"ETH","1700071767","1700071770","3","2012.63679998"
"ETH","1700072034","1700072035","1","2031.6025"
"BTC","1700072169","1700072172","3","37197.951021105"
"BTC","1700072045","1700072046","1","37072.209717121"
"BTC","1700072110","1700072112","2","37088.633571428"
"SOL","1700072194","1700072197","3","63.0523649"
"BTC","1700072080","1700072082","2","37036.389483695"
"BTC","1700072136","1700072138","2","37141.822920411"
"SOL","1700072158","1700072160","2","62.830417505"
"ETH","1700071883","1700071889","6","2019.00025317"
"BTC","1700071931","1700071938","7","37096.216710365"
"SOL","1700071928","1700071932","4","62.17692707"
"BTC","1700071864","1700071867","3","36645.258348945"
"ETH","1700071912","1700071914","2","2018.8275"
"BTC","1700071877","1700071878","1","36694.462954545"
"SOL","1700072017","1700072023","6","62.47076293"
"ETH","1700072185","1700072194","9","2043.29290995"
"BTC","1700071839","1700071841","2","36606.042040721"
"SOL","1700071789","1700071791","2","61.714129083"
"SOL","1700071882","1700071889","7","61.954504815"
"SOL","1700071856","1700071866","10","61.81935363"
"SOL","1700071799","1700071804","5","61.74626342"
"BTC","1700072107","1700072114","7","37108.3144"
"SOL","1700072194","1700072197","3","63.0523649"
"SOL","1700071900","1700071908","8","61.96152905"
"SOL","1700071787","1700071789","2","61.713106"
"BTC","1700072051","1700072052","1","37082.915391941"
"SOL","1700072108","1700072114","6","62.640218866"
"ETH","1700072165","1700072167","2","2043.198449545"
"ETH","1700071848","1700071850","2","2017.611745"
"BTC","1700071837","1700071844","7","36615.058770823"
"ETH","1700072059","1700072071","12","2033.18996465"
"BTC","1700071784","1700071788","4","36540.80918145"
"BTC","1700071937","1700071956","19","37040.889642614"
"BTC","1700071869","1700071872","3","36660.815453833"
"SOL","1700071870","1700071873","3","61.89752218"
"ETH","1700072025","1700072034","9","2030.661276945"
"BTC","1700071748","1700071755","7","36523.83988324"
"ETH","1700071945","1700071956","11","2024.884586575"
"BTC","1700071972","1700071979","7","37066.793333333"
"SOL","1700071838","1700071841","3","61.80038139"
"ETH","1700072113","1700072115","2","2035.712438448"
"BTC","1700071907","1700071911","4","36703.30186217"
"ETH","1700071768","1700071770","2","2012.8475"
"SOL","1700071992","1700071994","2","62.40974613"
"ETH","1700071927","1700071934","7","2026.893311543"
"SOL","1700072164","1700072167","3","62.810722271"
"BTC","1700071819","1700071822","3","36558.17612213"
"ETH","1700072161","1700072167","6","2042.435574478"
"BTC","1700071910","1700071912","2","36698.19875"
"BTC","1700071880","1700071883","3","36701.565221958"
"BTC","1700071832","1700071833","1","36566.54367493"
"SOL","1700071748","1700071755","7","61.692499995"
"SOL","1700072154","1700072158","4","62.77083341"
"BTC","1700071866","1700071867","1","36652.355227272"
"SOL","1700072024","1700072033","9","62.489531025"
"ETH","1700071899","1700071905","6","2018.291206833"
"BTC","1700072115","1700072118","3","37098.56361758"
"ETH","1700071764","1700071767","3","2012.62494178"
"BTC","1700071900","1700071909","9","36699.71540814"
"SOL","1700071828","1700071833","5","61.74849999"
"ETH","1700071753","1700071757","4","2012.821462491"
"ETH","1700071944","1700071952","8","2025.080847555"
"ETH","1700071998","1700072001","3","2031.151469923"
"SOL","1700072094","1700072098","4","62.348279045"
"BTC","1700072077","1700072078","1","37043.169319235"
"SOL","1700072206","1700072208","2","63.049652718"
"BTC","1700071925","1700071931","6","37009.463629149"
"BTC","1700072163","1700072166","3","37241.055912955"
"ETH","1700072128","1700072130","2","2039.46506764"
"SOL","1700071964","1700071969","5","62.23555523"
"SOL","1700071775","1700071780","5","61.71268329"
"BTC","1700071963","1700071971","8","37007.296051934"
"BTC","1700071925","1700071931","6","37009.463629149"
"ETH","1700072178","1700072182","4","2042.762271335"
"SOL","1700072171","1700072173","2","62.737021271"
"SOL","1700072201","1700072204","3","63.01701712"
"SOL","1700071870","1700071873","3","61.89752218"
"SOL","1700071918","1700071924","6","62.082263397"
"SOL","1700071747","1700071755","8","61.694073365"
"BTC","1700072081","1700072083","2","37032.904351249"
"SOL","1700071763","1700071766","3","61.70167543"
"SOL","1700071869","1700071872","3","61.90252218"
"ETH","1700072128","1700072130","2","2039.46506764"
"BTC","1700071931","1700071938","7","37096.216710365"
"SOL","1700072010","1700072014","4","62.4261839"
"ETH","1700071926","1700071931","5","2026.103103448"
"SOL","1700071996","1700072001","5","62.608137395"
"SOL","1700072035","1700072038","3","62.555480311"
"ETH","1700072061","1700072069","8","2032.674023809"
"ETH","1700072189","1700072194","5","2043.9656735"
"SOL","1700071947","1700071952","5","62.23045533"
"ETH","1700072010","1700072014","4","2031.48808514"
"SOL","1700071931","1700071938","7","62.2743782"
"SOL","1700071925","1700071932","7","62.175795999"
"ETH","1700071954","1700071961","7","2023.137584107"
"ETH","1700072139","1700072142","3","2039.7075"
"ETH","1700071855","1700071863","8","2017.43009601"
"ETH","1700072023","1700072034","11","2031.65467389"
"ETH","1700072206","1700072208","2","2045.0925"
"SOL","1700071954","1700071961","7","62.15051437"
"SOL","1700072090","1700072091","1","62.292744625"
"BTC","1700072099","1700072104","5","37055.055482388"
"SOL","1700072120","1700072122","2","62.79757308"
"BTC","1700072118","1700072122","4","37104.348985498"
"BTC","1700071979","1700071982","3","37165.005789473"
"BTC","1700072057","1700072070","13","37041.143315"
"SOL","1700072194","1700072197","3","63.0523649"
"ETH","1700071851","1700071856","5","2017.246695568"
"ETH","1700071797","1700071804","7","2014.116001685"
"BTC","1700071854","1700071859","5","36641.004398915"
"ETH","1700072058","1700072069","11","2033.238221915"
"ETH","1700072065","1700072071","6","2033.463526635"
"BTC","1700072195","1700072197","2","37320.1833523"
"SOL","1700072096","1700072097","1","62.35581562"
"ETH","1700072110","1700072114","4","2034.609594594"
"ETH","1700072131","1700072138","7","2039.95879096"
"ETH","1700071844","1700071851","7","2016.59796856"
"SOL","1700072218","1700072290","72","63.04252333"
"SOL","1700071816","1700071819","3","61.73834312"
"ETH","1700071760","1700071765","5","2012.7825"
"ETH","1700071951","1700071961","10","2023.054769275"
"ETH","1700071876","1700071878","2","2018.65697378"
"BTC","1700071967","1700071972","5","37040.53"
"SOL","1700071898","1700071900","2","61.93686987"
"BTC","1700071935","1700071937","2","37047.583126495"
"BTC","1700071908","1700071910","2","36698.631511675"
"SOL","1700071772","1700071774","2","61.71390255"
"ETH","1700072027","1700072034","7","2031.397328525"
"ETH","1700071885","1700071889","4","2019.060988445"
"SOL","1700071867","1700071872","5","61.905862145"
"SOL","1700071766","1700071770","4","61.70502925"
"SOL","1700072112","1700072115","3","62.6230249"
"ETH","1700072177","1700072180","3","2042.238127942"
"SOL","1700071751","1700071756","5","61.69076362"
"SOL","1700072000","1700072004","4","62.525840737"
"ETH","1700072050","1700072052","2","2032.955"
"ETH","1700072035","1700072037","2","2031.277851375"
"ETH","1700072036","1700072038","2","2030.839339166"
"ETH","1700071938","1700071955","17","2025.255708791"
"ETH","1700072075","1700072077","2","2033.20813916"
"BTC","1700072126","1700072129","3","37107.01555319"
"ETH","1700072172","1700072173","1","2041.323181813"
"BTC","1700071827","1700071831","4","36566.652357455"
"SOL","1700071869","1700071872","3","61.90252218"
"ETH","1700071985","1700071989","4","2027.722232243"
"BTC","1700071872","1700071873","1","36670.845997357"
"SOL","1700071935","1700071938","3","62.214583333"
"SOL","1700072130","1700072141","11","62.823395"
"SOL","1700072104","1700072114","10","62.4881"
"SOL","1700071943","1700071956","13","62.26840299"
"SOL","1700071932","1700071937","5","62.27257463"
"ETH","1700072045","1700072046","1","2032.69415188"
"BTC","1700071763","1700071767","4","36519.11536393"
"ETH","1700071830","1700071834","4","2014.605122865"
"SOL","1700071788","1700071789","1","61.713056"
"SOL","1700072057","1700072069","12","62.44387744"
"BTC","1700071794","1700071797","3","36551.73199203"
"SOL","1700071915","1700071919","4","61.977090935"
"BTC","1700072116","1700072118","2","37100.177142857"
"SOL","1700072122","1700072127","5","62.770473546"
"BTC","1700071875","1700071877","2","36683.399090909"
"SOL","1700071910","1700071912","2","61.946330428"
"ETH","1700071886","1700071888","2","2019.12125"
"SOL","1700071957","1700071960","3","62.14691889"
"BTC","1700071912","1700071919","7","36714.477501121"
"SOL","1700071747","1700071755","8","61.694073365"
"BTC","1700072036","1700072039","3","37016.754298295"
"ETH","1700071764","1700071767","3","2012.62494178"
"SOL","1700071809","1700071812","3","61.75654809"
"ETH","1700071784","1700071789","5","2013.436183406"
"BTC","1700072017","1700072027","10","37048.597159165"
"ETH","1700072097","1700072102","5","2032.235"
"SOL","1700071989","1700071991","2","62.35167038"
"BTC","1700071883","1700071889","6","36708.059792757"
"BTC","1700072059","1700072071","12","37039.938159444"
"SOL","1700072146","1700072149","3","62.75445"
"SOL","1700072195","1700072197","2","63.058928973"
"BTC","1700071812","1700071819","7","36561.94797585"
"BTC","1700072086","1700072090","4","37018.02204999"
"ETH","1700071860","1700071866","6","2017.136331595"
"ETH","1700072057","1700072062","5","2032.821399875"
"BTC","1700072116","1700072118","2","37100.177142857"
"ETH","1700071871","1700071873","2","2017.842756225"
"BTC","1700072137","1700072140","3","37147.38815014"
"BTC","1700072158","1700072160","2","37244.829488288"
"ETH","1700071774","1700071781","7","2013.228413335"
"ETH","1700072161","1700072169","8","2042.435574478"
"SOL","1700072079","1700072081","2","62.40424095"
"ETH","1700071755","1700071762","7","2012.873545825"
"BTC","1700071792","1700071797","5","36549.83218335"
"SOL","1700072183","1700072188","5","62.86258123"
"ETH","1700071796","1700071800","4","2014.005844795"
"ETH","1700072014","1700072016","2","2032.314911268"
"SOL","1700072043","1700072046","3","62.5575435"
"BTC","1700071958","1700071965","7","36965.580978744"
"SOL","1700071828","1700071832","4","61.74849999"
"ETH","1700072174","1700072182","8","2041.32931286"
"SOL","1700072194","1700072196","2","63.0523649"
"SOL","1700072194","1700072197","3","63.0523649"
"SOL","1700072090","1700072091","1","62.292744625"
"ETH","1700071972","1700071982","10","2026.4225"
"SOL","1700071779","1700071781","2","61.7412827"
"SOL","1700071760","1700071765","5","61.70690318"
"ETH","1700071966","1700071970","4","2025.494594751"
"ETH","1700072124","1700072129","5","2037.97061169"
"BTC","1700072197","1700072202","5","37302.532666666"
"SOL","1700071796","1700071800","4","61.73037895"
"BTC","1700071866","1700071867","1","36652.355227272"
"ETH","1700072167","1700072170","3","2043.20049743"
"SOL","1700071935","1700071937","2","62.214583333"
"ETH","1700072161","1700072166","5","2042.435574478"
"SOL","1700072144","1700072146","2","62.748004395"
"BTC","1700071875","1700071878","3","36683.310629269"
"BTC","1700071887","1700071891","4","36700.69124436"
"BTC","1700071858","1700071863","5","36642.45690039"
"ETH","1700072189","1700072193","4","2043.9656735"
"ETH","1700071843","1700071848","5","2016.5846071"
"BTC","1700072103","1700072106","3","37063.273808598"
"ETH","1700071921","1700071927","6","2028.09018018"
"BTC","1700072147","1700072148","1","37142.67"
"BTC","1700071747","1700071754","7","36525.84973841"
"BTC","1700072045","1700072046","1","37072.209717121"
"BTC","1700072137","1700072140","3","37147.38815014"
"ETH","1700071892","1700071895","3","2018.61507764"
"SOL","1700071976","1700071982","6","62.36523292"
"BTC","1700072068","1700072073","5","37045.94052084"
"BTC","1700072099","1700072104","5","37055.055482388"
"BTC","1700071850","1700071857","7","36644.997928414"
"BTC","1700071862","1700071864","2","36644.56615"
"SOL","1700072165","1700072167","2","62.81989135"
"BTC","1700071856","1700071863","7","36641.152584166"
"ETH","1700072105","1700072114","9","2034.225"
"ETH","1700071819","1700071822","3","2014.005"
"ETH","1700071821","1700071823","2","2014.3325"
"BTC","1700071828","1700071834","6","36559.14154823"
"BTC","1700072060","1700072072","12","37034.913739775"
"BTC","1700072125","1700072129","4","37107.144980115"
"SOL","1700072044","1700072046","2","62.58256438"
"SOL","1700071859","1700071863","4","61.8160874"
"SOL","1700071993","1700071997","4","62.48632874"
"BTC","1700072124","1700072129","5","37100.736926476"
"BTC","1700071762","1700071766","4","36518.94006118"
"SOL","1700071804","1700071808","4","61.749051995"
"BTC","1700071942","1700071955","13","37018.08231958"
"ETH","1700071989","1700071992","3","2030.928362068"
"BTC","1700071968","1700071971","3","37042.016318719"
"SOL","1700071811","1700071812","1","61.752863415"
"BTC","1700072027","1700072034","7","37043.86050158"
"SOL","1700072037","1700072039","2","62.54137827"
"BTC","1700071966","1700071971","5","37039.707272727"
"BTC","1700071925","1700071934","9","37009.463629149"
"BTC","1700071911","1700071913","2","36707.215704645"
"SOL","1700071851","1700071857","6","61.8169094"
"ETH","1700071818","1700071820","2","2014.035"
"ETH","1700072004","1700072007","3","2031.770279971"
"BTC","1700072082","1700072084","2","37024.341507296"
"BTC","1700072194","1700072197","3","37346.905391972"
"SOL","1700072169","1700072171","2","62.77941471"
"SOL","1700071838","1700071843","5","61.80038139"
"SOL","1700072177","1700072180","3","62.851132857"
"SOL","1700071797","1700071804","7","61.74256815"
"SOL","1700071893","1700071895","2","61.93415135"
"ETH","1700071746","1700071755","9","2012.567718665"
"ETH","1700071999","1700072004","5","2030.910314494"
"BTC","1700072159","1700072160","1","37252.285245405"
"BTC","1700071884","1700071887","3","36710.126"
"ETH","1700072097","1700072099","2","2032.235"
"BTC","1700072121","1700072129","8","37122.643931823"
"SOL","1700072153","1700072157","4","62.75125"
"ETH","1700072217","1700072293","76","2042.660897925"
"SOL","1700071832","1700071833","1","61.74723613"
"ETH","1700072115","1700072116","1","2036.48875"
"ETH","1700071832","1700071833","1","2014.60062391"
"SOL","1700072012","1700072016","4","62.435"
"SOL","1700071852","1700071859","7","61.802509715"
"ETH","1700072154","1700072158","4","2040.077163885"
"ETH","1700071843","1700071848","5","2016.5846071"
"ETH","1700072047","1700072052","5","2032.60984333"
"SOL","1700072073","1700072075","2","62.46229767"
"ETH","1700071924","1700071931","7","2027.309635306"
"ETH","1700072129","1700072130","1","2039.804230571"
"BTC","1700071804","1700071811","7","36556.677071296"
"ETH","1700071912","1700071917","5","2018.93632724"
"SOL","1700071907","1700071911","4","61.96337284"
"ETH","1700072153","1700072160","7","2039.91672428"
"SOL","1700071947","1700071952","5","62.23045533"
"ETH","1700071768","1700071770","2","2012.8475"
"SOL","1700072090","1700072091","1","62.292744625"
"SOL","1700071769","1700071772","3","61.70699053"
"ETH","1700071796","1700071803","7","2014.005844795"
"ETH","1700071912","1700071914","2","2018.8275"
"ETH","1700071967","1700071969","2","2025.674312965"
"SOL","1700071968","1700071971","3","62.3539711"
"SOL","1700072037","1700072039","2","62.54137827"
"BTC","1700072071","1700072073","2","37036.79703185"
"SOL","1700072125","1700072129","4","62.68904823"
"ETH","1700071924","1700071933","9","2027.309635306"
"BTC","1700072077","1700072078","1","37043.169319235"
"BTC","1700071831","1700071834","3","36566.54467493"
"BTC","1700071877","1700071878","1","36694.462954545"
"BTC","1700071762","1700071763","1","36518.94006118"
"ETH","1700072046","1700072048","2","2032.575847083"
"ETH","1700071847","1700071851","4","2017.575"
"SOL","1700072091","1700072095","4","62.3325"
"BTC","1700072155","1700072157","2","37198.802413221"
"ETH","1700071907","1700071911","4","2018.99929799"
"SOL","1700071889","1700071891","2","61.93661316"
"BTC","1700071818","1700071820","2","36558.915"
"BTC","1700071747","1700071755","8","36525.84973841"
"ETH","1700071842","1700071844","2","2016.507575"
"BTC","1700071841","1700071843","2","36613.1468161"
"SOL","1700072147","1700072148","1","62.739411075"
"BTC","1700071748","1700071753","5","36523.83988324"
"SOL","1700072136","1700072138","2","62.818932541"
"SOL","1700071925","1700071932","7","62.175795999"
"BTC","1700072028","1700072034","6","37054.090953428"
"ETH","1700072140","1700072142","2","2039.5764675"
"BTC","1700071973","1700071982","9","37094.081153846"
"SOL","1700071883","1700071889","6","61.95"
"ETH","1700071764","1700071767","3","2012.62494178"
"SOL","1700072096","1700072099","3","62.34918458"
"SOL","1700071894","1700071896","2","61.92954"
"BTC","1700071751","1700071756","5","36523.97189438"
"SOL","1700071957","1700071966","9","62.149937055"
"ETH","1700072091","1700072095","4","2031.557085505"
"SOL","1700071851","1700071860","9","61.8169094"
"ETH","1700072095","1700072098","3","2032.64725746"
"BTC","1700072003","1700072007","4","37080.967083333"
"SOL","1700071883","1700071887","4","61.95"
"ETH","1700072178","1700072182","4","2042.762271335"
"ETH","1700072209","1700072211","2","2044.111944444"
"SOL","1700072141","1700072142","1","62.795819101"
"ETH","1700071860","1700071863","3","2017.136331595"
"BTC","1700071746","1700071753","7","36524.277868926"
"BTC","1700072194","1700072196","2","37346.905391972"
"BTC","1700072141","1700072142","1","37138.84893328"
"BTC","1700071903","1700071910","7","36714.435386475"
"ETH","1700071961","1700071963","2","2023.531713439"
"ETH","1700071887","1700071891","4","2019.0515"
"SOL","1700071755","1700071762","7","61.705350122"
"ETH","1700071860","1700071866","6","2017.136331595"
"ETH","1700072052","1700072056","4","2032.542561895"
"BTC","1700071967","1700071969","2","37040.53"
"SOL","1700071938","1700071955","17","62.22821023"
"BTC","1700071941","1700071952","11","37025.672617452"
"SOL","1700071838","1700071841","3","61.80038139"
"SOL","1700072151","1700072157","6","62.72671"
"ETH","1700071876","1700071878","2","2018.65697378"
"ETH","1700071888","1700071891","3","2018.811927215"
"ETH","1700072094","1700072098","4","2032.772182425"
"SOL","1700071981","1700071982","1","62.420111195"
"ETH","1700071968","1700071971","3","2025.889387885"
"SOL","1700071843","1700071851","8","61.783556225"
"ETH","1700072112","1700072115","3","2035.57374691"
"SOL","1700071814","1700071819","5","61.750604505"
"ETH","1700072135","1700072138","3","2039.758414945"
"BTC","1700071928","1700071931","3","37111.4588906"
"BTC","1700071971","1700071974","3","37058.749322491"
"SOL","1700071783","1700071786","3","61.73779316"
"BTC","1700071987","1700071991","4","37163.689957535"
"SOL","1700071864","1700071867","3","61.85072716"
"BTC","1700071968","1700071971","3","37042.016318719"
"SOL","1700071991","1700071993","2","62.422932078"
"ETH","1700072171","1700072173","2","2041.663559512"
"BTC","1700071830","1700071834","4","36566.620788415"
"SOL","1700071851","1700071856","5","61.8169094"
"BTC","1700071859","1700071863","4","36639.24954524"
"SOL","1700071898","1700071899","1","61.93686987"
"ETH","1700072092","1700072094","2","2032.283333333"
"BTC","1700071894","1700071899","5","36689.390083785"
"ETH","1700072067","1700072073","6","2033.802431105"
"BTC","1700071988","1700071992","4","37170.959790419"
"BTC","1700071951","1700071961","10","36920.129100218"
"ETH","1700071954","1700071961","7","2023.137584107"
"BTC","1700071985","1700071989","4","37132.516675415"
"BTC","1700071907","1700071911","4","36703.30186217"
"BTC","1700072124","1700072129","5","37100.736926476"
"ETH","1700072137","1700072138","1","2039.864500355"
"SOL","1700072209","1700072211","2","63.017521995"
"ETH","1700072075","1700072077","2","2033.20813916"
"ETH","1700071899","1700071905","6","2018.363627638"
"ETH","1700072202","1700072207","5","2044.302663735"
"SOL","1700071950","1700071954","4","62.18618533"
"SOL","1700071774","1700071777","3","61.71072654"
"ETH","1700072080","1700072083","3","2032.549537905"
"ETH","1700072140","1700072142","2","2039.5764675"
"BTC","1700071780","1700071784","4","36541.0831371"
"ETH","1700071985","1700071989","4","2027.722232243"
"SOL","1700072016","1700072025","9","62.4991236"
"SOL","1700072130","1700072138","8","62.823395"
"ETH","1700072073","1700072077","4","2033.32372313"
"SOL","1700072137","1700072140","3","62.81025112"
"BTC","1700071828","1700071833","5","36559.14154823"
"BTC","1700072153","1700072157","4","37177.19373454"
"BTC","1700072107","1700072114","7","37108.3144"
"ETH","1700071827","1700071828","1","2014.658229235"
"BTC","1700072065","1700072071","6","37049.999183932"
"SOL","1700072044","1700072046","2","62.58256438"
"ETH","1700071984","1700071990","6","2026.920931342"
"BTC","1700072197","1700072201","4","37302.532666666"
"BTC","1700072131","1700072141","10","37121.942700933"
"ETH","1700072153","1700072157","4","2039.91672428"
"SOL","1700071928","1700071932","4","62.17692707"
"ETH","1700071901","1700071910","9","2018.691131968"
"ETH","1700071912","1700071914","2","2018.8275"
"SOL","1700072095","1700072098","3","62.34413124"
"ETH","1700071989","1700071992","3","2030.928362068"
"SOL","1700071858","1700071866","8","61.8130127"
"ETH","1700072107","1700072113","6","2034.484131915"
"ETH","1700071910","1700071912","2","2018.711764166"
"SOL","1700072112","1700072115","3","62.6230249"
"ETH","1700072210","1700072211","1","2043.753463485"
"ETH","1700072135","1700072137","2","2039.758414945"
"BTC","1700072172","1700072173","1","37176.748049995"
"SOL","1700071959","1700071965","6","62.14128206"
"SOL","1700071767","1700071770","3","61.704791916"
"ETH","1700071833","1700071837","4","2014.72141564"
"BTC","1700071818","1700071820","2","36558.915"
"ETH","1700072167","1700072170","3","2043.20049743"
"ETH","1700071804","1700071811","7","2014.142545"
"BTC","1700071823","1700071825","2","36566.346666661"
"SOL","1700072124","1700072129","5","62.69742067"
"ETH","1700071746","1700071755","9","2012.567718665"
"BTC","1700071963","1700071971","8","37007.296051934"
"BTC","1700072024","1700072033","9","37037.809121971"
"BTC","1700071766","1700071771","5","36518.814862201"
"SOL","1700071989","1700071991","2","62.35167038"
"SOL","1700071882","1700071887","5","61.954504815"
"SOL","1700072140","1700072142","2","62.804541163"
"ETH","1700071842","1700071844","2","2016.507575"
"BTC","1700071910","1700071912","2","36698.19875"
"ETH","1700072163","1700072167","4","2043.423453333"
"ETH","1700072009","1700072012","3","2031.550387865"
"SOL","1700072098","1700072101","3","62.35928304"
"SOL","1700071872","1700071873","1","61.917784965"
"BTC","1700071932","1700071937","5","37072.484056131"
"ETH","1700072086","1700072090","4","2030.73211057"
"SOL","1700072058","1700072071","13","62.44"
"BTC","1700071937","1700071954","17","37040.889642614"
"BTC","1700072183","1700072185","2","37251.584337655"
"SOL","1700071843","1700071847","4","61.783556225"
"SOL","1700071975","1700071982","7","62.381095145"
"ETH","1700071764","1700071767","3","2012.62494178"
"SOL","1700072000","1700072003","3","62.531155252"
"ETH","1700072081","1700072082","1","2032.120192542"
"ETH","1700072081","1700072083","2","2032.120192542"
"BTC","1700072160","1700072166","6","37256.750188957"
"SOL","1700071913","1700071917","4","61.97788417"
"ETH","1700071885","1700071889","4","2019.060988445"
"SOL","1700072209","1700072211","2","63.017521995"
"BTC","1700071854","1700071859","5","36641.004398915"
"SOL","1700072195","1700072197","2","63.058928973"
"ETH","1700071875","1700071878","3","2018.584436465"
"ETH","1700071918","1700071925","7","2022.259047619"
"BTC","1700072030","1700072033","3","37054.38009602"
"ETH","1700071898","1700071899","1","2018.301675"
"SOL","1700072166","1700072170","4","62.77594177"
"SOL","1700071821","1700071823","2","61.747665655"
"BTC","1700071885","1700071889","4","36706.93214724"
"ETH","1700072016","1700072028","12","2033.163920025"
"ETH","1700072119","1700072124","5","2039.407818061"
"SOL","1700072010","1700072014","4","62.4261839"
"BTC","1700071876","1700071878","2","36692.037457865"
"BTC","1700071876","1700071878","2","36692.037457865"
"BTC","1700071843","1700071847","4","36618.10644411"
"ETH","1700072165","1700072169","4","2043.198449545"
"SOL","1700072165","1700072167","2","62.81989135"
"ETH","1700072194","1700072197","3","2045.418787343"
"ETH","1700071887","1700071891","4","2019.0515"
"SOL","1700071910","1700071912","2","61.946330428"
"BTC","1700072103","1700072104","1","37061.807974443"
"SOL","1700072037","1700072039","2","62.54137827"
"ETH","1700071837","1700071841","4","2016.101679914"
"BTC","1700071866","1700071867","1","36652.355227272"
"SOL","1700071780","1700071784","4","61.7475"
"BTC","1700071965","1700071969","4","37035.956522426"
"BTC","1700071996","1700072004","8","37168.305781366"
"BTC","1700072010","1700072014","4","37044.475775862"
"BTC","1700071936","1700071937","1","37047.569427444"
"ETH","1700071876","1700071878","2","2018.65697378"
"BTC","1700072018","1700072024","6","37051.996619945"
"SOL","1700072096","1700072101","5","62.34918458"
"SOL","1700072129","1700072131","2","62.76479846"
"ETH","1700072218","1700072293","75","2042.845958783"
"BTC","1700072169","1700072171","2","37197.951021105"
"ETH","1700071802","1700071804","2","2014.12497555"
"ETH","1700072210","1700072211","1","2043.753463485"
"SOL","1700071764","1700071767","3","61.70060541"
"BTC","1700072068","1700072073","5","37045.94052084"
"ETH","1700072154","1700072160","6","2040.077163885"
"BTC","1700072195","1700072197","2","37320.1833523"
"ETH","1700071913","1700071919","6","2018.94"
"BTC","1700071888","1700071891","3","36693.567707711"
"ETH","1700072182","1700072190","8","2042.601880552"
"SOL","1700071886","1700071891","5","61.95956877"
"SOL","1700072004","1700072007","3","62.45560375"
"ETH","1700072153","1700072157","4","2039.91672428"
"ETH","1700072119","1700072127","8","2039.407818061"
"ETH","1700071814","1700071819","5","2014.184627916"
"ETH","1700071828","1700071833","5","2014.692855545"
"SOL","1700071823","1700071827","4","61.753544305"
"SOL","1700071807","1700071810","3","61.77271326"
"SOL","1700071812","1700071819","7","61.755"
"BTC","1700072154","1700072157","3","37186.781639328"
"BTC","1700072117","1700072121","4","37099.896875"
"BTC","1700072178","1700072182","4","37236.670039083"
"SOL","1700072208","1700072209","1","63.032568075"
"ETH","1700071839","1700071842","3","2016.090459635"
"SOL","1700071925","1700071931","6","62.175795999"
"BTC","1700072150","1700072154","4","37150.350424995"
"SOL","1700072059","1700072071","12","62.43700927"
"BTC","1700071943","1700071958","15","37005.0338757"
"SOL","1700071763","1700071767","4","61.70167543"
"ETH","1700071851","1700071857","6","2017.246695568"
"BTC","1700072010","1700072014","4","37044.475775862"
"BTC","1700072100","1700072104","4","37056.776310779"
"SOL","1700072195","1700072197","2","63.058928973"
"ETH","1700071989","1700071991","2","2030.928362068"
"SOL","1700071813","1700071819","6","61.75120901"
"BTC","1700072208","1700072208","0","37266.966242852"
"ETH","1700072109","1700072114","5","2034.42857456"
"BTC","1700072105","1700072111","6","37103.217"
"ETH","1700071912","1700071914","2","2018.8275"
"BTC","1700071798","1700071804","6","36547.91686"
"ETH","1700072061","1700072071","10","2032.674023809"
"ETH","1700072197","1700072202","5","2045.225638389"
"ETH","1700071872","1700071873","1","2018.08038698"
"ETH","1700071931","1700071937","6","2027.431103116"
"ETH","1700072151","1700072159","8","2039.583287575"
"BTC","1700072196","1700072197","1","37317.438289176"
"SOL","1700072170","1700072171","1","62.759"
"ETH","1700071774","1700071780","6","2013.228413335"
"SOL","1700072067","1700072077","10","62.41758042"
"BTC","1700071933","1700071938","5","37054.313607474"
"ETH","1700071908","1700071911","3","2018.51257503"
"SOL","1700072182","1700072188","6","62.861716965"
"SOL","1700071756","1700071762","6","61.70845159"
"BTC","1700071949","1700071956","7","36947.09185961"
"ETH","1700071919","1700071923","4","2025.301910112"
"BTC","1700071845","1700071851","6","36629.492268827"
"SOL","1700071953","1700071961","8","62.154074365"
"ETH","1700071746","1700071754","8","2012.567718665"
"SOL","1700071831","1700071833","2","61.754086"
"ETH","1700071973","1700071982","9","2026.9935"
"SOL","1700072173","1700072184","11","62.754355"
"ETH","1700071762","1700071763","1","2012.56375"
"ETH","1700072175","1700072179","4","2041.639013555"
"ETH","1700072035","1700072037","2","2031.277851375"
"BTC","1700071870","1700071873","3","36659.57"
"SOL","1700071893","1700071895","2","61.93415135"
"BTC","1700071917","1700071924","7","36801.622567049"
"BTC","1700071845","1700071851","6","36629.492268827"
"BTC","1700072057","1700072064","7","37043.807499995"
"ETH","1700071875","1700071878","3","2018.57788745"
"BTC","1700071933","1700071937","4","37054.313607474"
"BTC","1700071790","1700071792","2","36543.64893145"
"SOL","1700072059","1700072071","12","62.43700927"
"BTC","1700071789","1700071790","1","36540.990276207"
"SOL","1700071829","1700071834","5","61.75692093"
"ETH","1700072077","1700072078","1","2033.035169048"
"BTC","1700072090","1700072092","2","37033.83086934"
"BTC","1700071870","1700071873","3","36659.57"
"BTC","1700072165","1700072167","2","37218.489556129"
"ETH","1700071836","1700071839","3","2016.059811285"
"ETH","1700071746","1700071753","7","2012.567718665"
"BTC","1700071937","1700071938","1","37040.889642614"
"SOL","1700072132","1700072140","8","62.81319872"
"ETH","1700072155","1700072157","2","2040.343611111"
"BTC","1700072010","1700072014","4","37044.475775862"
"BTC","1700072092","1700072095","3","37041.376640227"
"ETH","1700072057","1700072070","13","2032.90680677"
"ETH","1700072115","1700072116","1","2036.48875"
"SOL","1700072210","1700072211","1","63.02504399"
"BTC","1700072159","1700072160","1","37252.285245405"
"SOL","1700071850","1700071857","7","61.81864316"
"BTC","1700072076","1700072078","2","37040.600472253"
"SOL","1700072126","1700072129","3","62.69167622"
"ETH","1700072090","1700072091","1","2031.239085505"
"SOL","1700072050","1700072052","2","62.535"
"SOL","1700072003","1700072007","4","62.45678228"
"BTC","1700072096","1700072101","5","37040.899024402"
"SOL","1700071805","1700071808","3","61.74889715"
"BTC","1700072212","1700072293","81","37240.366458335"
"SOL","1700071823","1700071827","4","61.753544305"
"ETH","1700072051","1700072052","1","2032.66855667"
"BTC","1700071746","1700071755","9","36524.277868926"
"SOL","1700071965","1700071969","4","62.296367291"
"ETH","1700071813","1700071819","6","2014.18205932"
"SOL","1700071842","1700071844","2","61.77464249"
"BTC","1700071875","1700071878","3","36683.310629269"
"ETH","1700071886","1700071891","5","2019.12125"
"SOL","1700071895","1700071900","5","61.9317587"
"SOL","1700072084","1700072089","5","62.346078751"
"ETH","1700072202","1700072204","2","2044.302663735"
"SOL","1700072009","1700072014","5","62.437807495"
"BTC","1700072071","1700072073","2","37036.79703185"
"BTC","1700072191","1700072194","3","37302.773977272"
"ETH","1700072004","1700072007","3","2031.770279971"
"SOL","1700071892","1700071895","3","61.939775675"
"SOL","1700071965","1700071969","4","62.296367291"
"BTC","1700072145","1700072146","1","37140.437938323"
"SOL","1700071764","1700071767","3","61.70060541"
"SOL","1700072211","1700072218","7","63.013771995"
"ETH","1700071954","1700071961","7","2023.137584107"
"SOL","1700071813","1700071819","6","61.75120901"
"BTC","1700072020","1700072023","3","37059.801388365"
"BTC","1700072044","1700072046","2","37064.417615134"
"ETH","1700072131","1700072138","7","2039.95879096"
"BTC","1700071952","1700071961","9","36906.861001352"
"SOL","1700071746","1700071757","11","61.68207871"
"SOL","1700071800","1700071804","4","61.755"
"ETH","1700072126","1700072129","3","2038.858683"
"SOL","1700072083","1700072086","3","62.33209296"
"ETH","1700072210","1700072211","1","2043.753463485"
"BTC","1700072023","1700072034","11","37048.261586103"
"BTC","1700071936","1700071937","1","37047.569427444"
"SOL","1700072131","1700072141","10","62.82342909"
"BTC","1700072056","1700072061","5","37050.117599085"
"ETH","1700072143","1700072146","3","2038.654583333"
"ETH","1700072198","1700072202","4","2044.789612348"
"SOL","1700072007","1700072010","3","62.47101938"
"BTC","1700072016","1700072023","7","37048.972714033"
"ETH","1700072215","1700072290","75","2042.470093625"
"SOL","1700072121","1700072129","8","62.795533054"
"SOL","1700071764","1700071767","3","61.70060541"
"ETH","1700071935","1700071938","3","2025.577383594"
"SOL","1700071934","1700071938","4","62.24252689"
"ETH","1700071989","1700071991","2","2030.928362068"
"BTC","1700071857","1700071863","6","36644.067989184"
"ETH","1700071938","1700071954","16","2025.255708791"
"SOL","1700071943","1700071956","13","62.26840299"
"BTC","1700072051","1700072052","1","37082.915391941"
"SOL","1700071755","1700071760","5","61.705350122"
"BTC","1700071900","1700071909","9","36699.71540814"
"SOL","1700072092","1700072095","3","62.31391355"
"ETH","1700071993","1700072003","10","2033.979470643"
"SOL","1700071820","1700071824","4","61.745"
"BTC","1700071837","1700071843","6","36615.058770823"
"BTC","1700071876","1700071878","2","36692.037457865"
"ETH","1700071774","1700071780","6","2013.228413335"
"ETH","1700072051","1700072052","1","2032.66855667"
"ETH","1700071834","1700071837","3","2015.253"
"SOL","1700071838","1700071841","3","61.80038139"
"BTC","1700072043","1700072045","2","37050.59784715"
"SOL","1700071871","1700071873","2","61.90038365"
"SOL","1700072173","1700072174","1","62.75280177"
"SOL","1700072181","1700072188","7","62.857795666"
"BTC","1700071975","1700071982","7","37127.332186126"
"ETH","1700071974","1700071982","8","2026.858131376"
"ETH","1700071894","1700071899","5","2018.517499995"
"ETH","1700071782","1700071784","2","2013.465809933"
"SOL","1700071760","1700071765","5","61.70690318"
"BTC","1700071875","1700071877","2","36683.399090909"
"BTC","1700071746","1700071755","9","36524.277868926"
"BTC","1700071931","1700071938","7","37096.216710365"
"SOL","1700072092","1700072098","6","62.32999074"
"BTC","1700072157","1700072160","3","37234.989525307"
"ETH","1700071748","1700071755","7","2012.7588325"
"BTC","1700072075","1700072078","3","37036.19474414"
"ETH","1700071831","1700071836","5","2014.56095275"
"SOL","1700072058","1700072071","13","62.44"
"SOL","1700072080","1700072081","1","62.40301332"
"ETH","1700072177","1700072180","3","2042.238127942"
"BTC","1700072204","1700072208","4","37294.257819145"
"ETH","1700071953","1700071961","8","2023.371012818"
"BTC","1700071780","1700071784","4","36540.817839535"
"BTC","1700071827","1700071831","4","36566.652357455"
"BTC","1700072023","1700072034","11","37048.261586103"
"SOL","1700071787","1700071790","3","61.713106"
"BTC","1700071815","1700071819","4","36563.744364144"
"ETH","1700072073","1700072078","5","2033.32372313"
"SOL","1700071858","1700071863","5","61.8130127"
"SOL","1700071747","1700071753","6","61.694073365"
"BTC","1700071885","1700071889","4","36706.93214724"
"BTC","1700071902","1700071909","7","36708.26854"
"SOL","1700071749","1700071757","8","61.704375"
"ETH","1700072115","1700072116","1","2036.48875"
"SOL","1700072200","1700072202","2","63.01863721"
"BTC","1700071923","1700071927","4","37075.7815625"
"BTC","1700071821","1700071823","2","36564.20381956"
"SOL","1700071753","1700071762","9","61.69940433"
"ETH","1700071904","1700071910","6","2019.02612196"
"BTC","1700072092","1700072095","3","37041.376640227"
"BTC","1700072099","1700072104","5","37055.055482388"
"BTC","1700072157","1700072160","3","37234.989525307"
"SOL","1700071843","1700071848","5","61.783556225"
"BTC","1700071850","1700071856","6","36644.997928414"
"SOL","1700072069","1700072073","4","62.4733141"
"SOL","1700072099","1700072104","5","62.37739597"
"ETH","1700072177","1700072180","3","2042.238127942"
"BTC","1700072179","1700072183","4","37256.291360773"
"ETH","1700071837","1700071843","6","2016.101679914"
"BTC","1700071748","1700071754","6","36523.83988324"
"BTC","1700071820","1700071824","4","36560.447472051"
"BTC","1700071928","1700071935","7","37111.4588906"
"SOL","1700072202","1700072204","2","63.05375"
"BTC","1700071901","1700071910","9","36702.707659646"
"ETH","1700071794","1700071797","3","2013.985647295"
"BTC","1700071828","1700071834","6","36559.14154823"
"SOL","1700071892","1700071895","3","61.939775675"
"SOL","1700072019","1700072025","6","62.490709365"
"ETH","1700072157","1700072160","3","2040.991785714"
"SOL","1700072050","1700072052","2","62.535"
"ETH","1700071761","1700071765","4","2012.62816578"
"SOL","1700072080","1700072083","3","62.40022507"
"SOL","1700072202","1700072205","3","63.05375"
"BTC","1700071869","1700071872","3","36660.815453833"
"BTC","1700072112","1700072115","3","37089.848471493"
"SOL","1700071897","1700071899","2","61.93373974"
"SOL","1700072066","1700072072","6","62.40401303"
"ETH","1700072060","1700072072","12","2032.849922001"
"BTC","1700072194","1700072197","3","37346.905391972"
"BTC","1700072103","1700072104","1","37061.807974443"
"SOL","1700072068","1700072073","5","62.441456843"
"BTC","1700072143","1700072146","3","37130.95187719"
"ETH","1700071843","1700071848","5","2016.5846071"
"BTC","1700071976","1700071982","6","37120.625465683"
"ETH","1700071988","1700071991","3","2030.203582333"
"ETH","1700071957","1700071961","4","2022.486939282"
"SOL","1700072185","1700072194","9","62.8727815"
"BTC","1700071872","1700071875","3","36670.845997357"
"BTC","1700071749","1700071755","6","36524.1255235"
"ETH","1700071798","1700071804","6","2014.12125"
"ETH","1700072009","1700072012","3","2031.550387865"
"ETH","1700071765","1700071767","2","2012.6775"
"BTC","1700071999","1700072003","4","37131.289966528"
"ETH","1700072035","1700072037","2","2031.277851375"
"SOL","1700071765","1700071767","2","61.70033766"
"BTC","1700072111","1700072115","4","37085.87840479"
"SOL","1700072165","1700072167","2","62.81989135"
"ETH","1700071848","1700071850","2","2017.611745"
"BTC","1700071782","1700071787","5","36540.873964545"
"ETH","1700072001","1700072007","6","2030.24236861"
"SOL","1700072143","1700072146","3","62.75068625"
"BTC","1700072173","1700072182","9","37186.541201795"
"BTC","1700071803","1700071806","3","36555.83975671"
"SOL","1700071866","1700071867","1","61.885634801"
"ETH","1700072131","1700072137","6","2039.95879096"
"ETH","1700071746","1700071753","7","2012.567718665"
"ETH","1700071932","1700071938","6","2026.640073869"
"ETH","1700071813","1700071819","6","2014.18205932"
"BTC","1700071763","1700071767","4","36519.11536393"
"BTC","1700071774","1700071780","6","36534.444570975"
"BTC","1700071860","1700071866","6","36637.14353314"
"ETH","1700072152","1700072158","6","2039.450819935"
"SOL","1700071814","1700071819","5","61.750604505"
"BTC","1700071989","1700071991","2","37160.69957626"
"BTC","1700072046","1700072050","4","37075.176904761"
"SOL","1700071981","1700071982","1","62.420111195"
"BTC","1700071812","1700071818","6","36561.94797585"
"ETH","1700072030","1700072032","2","2032.070016195"
"SOL","1700072124","1700072129","5","62.69742067"
"BTC","1700072097","1700072100","3","37047.819697205"
"BTC","1700072118","1700072121","3","37104.348985498"
"SOL","1700071792","1700071795","3","61.73"
"ETH","1700072081","1700072083","2","2032.120192542"
"BTC","1700071764","1700071767","3","36519.352362201"
"ETH","1700071794","1700071797","3","2013.985647295"
"ETH","1700071818","1700071820","2","2014.035"
"SOL","1700071909","1700071911","2","61.94704725"
"ETH","1700072091","1700072095","4","2031.557085505"
"SOL","1700072191","1700072194","3","62.928552115"
"SOL","1700072095","1700072098","3","62.34413124"
"ETH","1700072068","1700072073","5","2033.681961543"
"ETH","1700072097","1700072103","6","2032.235"
"BTC","1700071837","1700071842","5","36615.058770823"
"ETH","1700072034","1700072035","1","2031.6025"
"SOL","1700071964","1700071971","7","62.23555523"
"BTC","1700071828","1700071833","5","36559.14154823"
"ETH","1700071973","1700071982","9","2026.9935"
"BTC","1700072191","1700072194","3","37304.001477272"
"SOL","1700071787","1700071790","3","61.713106"
"BTC","1700072194","1700072197","3","37346.905391972"
"BTC","1700072140","1700072142","2","37147.397388549"
"ETH","1700071966","1700071971","5","2025.494594751"
"ETH","1700072202","1700072206","4","2044.302663735"
"SOL","1700071804","1700071805","1","61.749849615"
"ETH","1700071995","1700072004","9","2033.843663161"
"SOL","1700072065","1700072071","6","62.39902157"
"BTC","1700071911","1700071912","1","36707.215704645"
"ETH","1700071850","1700071858","8","2017.64"
"SOL","1700071765","1700071767","2","61.70033766"
"SOL","1700072103","1700072105","2","62.51592275"
"ETH","1700071942","1700071955","13","2025.055314876"
"ETH","1700072164","1700072166","2","2043.54887"
"SOL","1700071869","1700071872","3","61.90252218"
"SOL","1700071939","1700071951","12","62.267566176"
"SOL","1700072065","1700072071","6","62.39902157"
"ETH","1700072135","1700072138","3","2039.758414945"
"BTC","1700071899","1700071904","5","36695.679380289"
"BTC","1700072195","1700072197","2","37320.1833523"
"BTC","1700071837","1700071843","6","36615.058770823"
"ETH","1700072075","1700072078","3","2033.20813916"
"ETH","1700071800","1700071804","4","2014.12101324"
"BTC","1700072191","1700072194","3","37304.001477272"
"SOL","1700071816","1700071819","3","61.73834312"
"SOL","1700071925","1700071931","6","62.175795999"
"BTC","1700072202","1700072205","3","37284.636666661"
"BTC","1700072136","1700072138","2","37141.822920411"
"BTC","1700071774","1700071780","6","36534.444570975"
"BTC","1700072158","1700072160","2","37244.829488288"
"ETH","1700071968","1700071972","4","2025.889387885"
"SOL","1700071858","1700071863","5","61.8130127"
"BTC","1700072092","1700072095","3","37041.376640227"
"SOL","1700071851","1700071856","5","61.8169094"
"SOL","1700071747","1700071753","6","61.694073365"
"ETH","1700071999","1700072002","3","2030.910314494"
"ETH","1700072090","1700072091","1","2031.239085505"
"ETH","1700071764","1700071767","3","2012.62494178"
"BTC","1700071748","1700071754","6","36523.83988324"
"BTC","1700071893","1700071895","2","36688.113571428"
"ETH","1700071847","1700071851","4","2017.575"
"ETH","1700072057","1700072064","7","2032.821399875"
"BTC","1700071965","1700071971","6","37035.956522426"
"ETH","1700071954","1700071961","7","2023.137584107"
"ETH","1700072011","1700072014","3","2031.467948475"
"ETH","1700071845","1700071850","5","2016.873612203"
"SOL","1700072052","1700072061","9","62.523240665"
"BTC","1700072022","1700072034","12","37058.039421953"
"ETH","1700071938","1700071957","19","2025.255708791"
"ETH","1700071899","1700071910","11","2018.363627638"
"BTC","1700071854","1700071863","9","36641.004398915"
"SOL","1700072104","1700072107","3","62.47426724"
"SOL","1700072209","1700072211","2","63.017521995"
"SOL","1700071763","1700071767","4","61.70167543"
"BTC","1700072114","1700072116","2","37102.0046875"
"SOL","1700071925","1700071931","6","62.175795999"
"SOL","1700071871","1700071873","2","61.90038365"
"BTC","1700071989","1700071993","4","37160.69957626"
"BTC","1700072085","1700072089","4","37019.23535449"
"ETH","1700071949","1700071952","3","2023.62857606"
"BTC","1700072044","1700072046","2","37064.417615134"
"BTC","1700072088","1700072090","2","37026.485978633"
"BTC","1700071809","1700071812","3","36562.30041625"
"BTC","1700072158","1700072160","2","37244.829488288"
"ETH","1700071914","1700071917","3","2018.98"
"BTC","1700072148","1700072153","5","37145.375"
"ETH","1700071979","1700071982","3","2027.676896583"
"ETH","1700071889","1700071894","5","2018.715534568"
"SOL","1700072068","1700072073","5","62.441456843"
"SOL","1700072204","1700072207","3","63.077566038"
"ETH","1700071920","1700071925","5","2027.281618917"
"BTC","1700071989","1700071991","2","37160.69957626"
"SOL","1700071850","1700071855","5","61.81864316"
"BTC","1700071965","1700071972","7","37035.956522426"
"SOL","1700072061","1700072070","9","62.422237355"
"ETH","1700071973","1700071982","9","2026.9935"
"ETH","1700071919","1700071924","5","2025.301910112"
"ETH","1700072036","1700072038","2","2030.839339166"
"SOL","1700071839","1700071843","4","61.78001839"
"ETH","1700072173","1700072179","6","2041.533479526"
"ETH","1700071759","1700071761","2","2012.709359515"
"BTC","1700071842","1700071844","2","36617.107421365"
"SOL","1700071746","1700071753","7","61.68207871"
"SOL","1700071889","1700071891","2","61.93661316"
"ETH","1700071965","1700071971","6","2025.149763643"
"BTC","1700071790","1700071792","2","36543.64893145"
"ETH","1700072044","1700072046","2","2032.599284675"
"ETH","1700072039","1700072043","4","2030.830233032"
"ETH","1700072083","1700072085","2","2031.86007154"
"BTC","1700072144","1700072146","2","37134.789885665"
"ETH","1700072010","1700072014","4","2031.48808514"
"BTC","1700071878","1700071884","6","36697.469166666"
"ETH","1700072030","1700072033","3","2032.070016195"
"ETH","1700072109","1700072114","5","2034.42857456"
"ETH","1700072131","1700072138","7","2039.95879096"
"BTC","1700071993","1700072003","10","37191.900576923"
"SOL","1700072164","1700072167","3","62.810722271"
"SOL","1700071917","1700071925","8","62.042413773"
"ETH","1700072037","1700072039","2","2030.7357375"
"ETH","1700071937","1700071956","19","2025.193499995"
"SOL","1700072212","1700072293","81","63.000425"
"ETH","1700072090","1700072092","2","2031.239085505"
"ETH","1700071943","1700071953","10","2024.981153846"
"SOL","1700071831","1700071833","2","61.754086"
"ETH","1700072166","1700072170","4","2043.546198882"
"ETH","1700071927","1700071932","5","2026.893311543"
"SOL","1700071967","1700071969","2","62.342272727"
"SOL","1700071767","1700071770","3","61.704791916"
"SOL","1700072195","1700072197","2","63.058928973"
"ETH","1700072125","1700072129","4","2038.694453776"
"ETH","1700072075","1700072078","3","2033.20813916"
"SOL","1700071931","1700071937","6","62.2743782"
"BTC","1700071818","1700071820","2","36558.915"
"BTC","1700071885","1700071889","4","36706.93214724"
"ETH","1700071887","1700071891","4","2019.0515"
"SOL","1700072017","1700072023","6","62.47076293"
"BTC","1700071988","1700071991","3","37170.959790419"
"ETH","1700072082","1700072084","2","2031.702545185"
"BTC","1700072173","1700072176","3","37185.950278895"
"SOL","1700071814","1700071819","5","61.750604505"
"SOL","1700072120","1700072122","2","62.79757308"
"SOL","1700072115","1700072117","2","62.68125"
"ETH","1700072212","1700072290","78","2042.79155193"
"ETH","1700071968","1700071969","1","2025.889387885"
"BTC","1700071755","1700071762","7","36523.6975"
"BTC","1700072020","1700072023","3","37059.801388365"
"ETH","1700072023","1700072033","10","2031.65467389"
"SOL","1700071866","1700071867","1","61.885634801"
"ETH","1700072059","1700072069","10","2033.18996465"
"SOL","1700071954","1700071961","7","62.15051437"
"SOL","1700072154","1700072157","3","62.77083341"
"ETH","1700072116","1700072118","2","2036.789655516"
"BTC","1700071968","1700071971","3","37042.016318719"
"SOL","1700072141","1700072142","1","62.795819101"
"SOL","1700072129","1700072131","2","62.76479846"
"SOL","1700072136","1700072138","2","62.818932541"
"BTC","1700071909","1700071911","2","36690.07447436"
"SOL","1700071808","1700071812","4","61.770188655"
"BTC","1700072044","1700072046","2","37064.417615134"
"SOL","1700071985","1700071989","4","62.376605915"
"SOL","1700072078","1700072079","1","62.415278705"
"BTC","1700071850","1700071856","6","36644.997928414"
"BTC","1700072062","1700072069","7","37046.449"
"ETH","1700071974","1700071982","8","2026.858131376"
"BTC","1700072009","1700072012","3","37051.78910016"
"ETH","1700071958","1700071965","7","2022.920337874"
"BTC","1700072167","1700072169","2","37200.740482456"
"ETH","1700072200","1700072202","2","2043.736272856"
"BTC","1700072141","1700072142","1","37138.84893328"
"SOL","1700071838","1700071843","5","61.80038139"
"BTC","1700072174","1700072182","8","37184.311753815"
"SOL","1700071903","1700071909","6","61.99015949"
"ETH","1700072213","1700072293","80","2042.760454318"
"ETH","1700072020","1700072024","4","2032.728288438"
"SOL","1700071939","1700071957","18","62.267566176"
"SOL","1700071775","1700071781","6","61.71268329"
"BTC","1700071974","1700071982","8","37097.444684182"
"ETH","1700072053","1700072061","8","2032.992962962"
"ETH","1700072197","1700072202","5","2045.225638389"
"SOL","1700072175","1700072180","5","62.79336866"
"SOL","1700071994","1700072002","8","62.537668192"
"ETH","1700072029","1700072034","5","2032.271113185"
"ETH","1700071794","1700071797","3","2013.985647295"
"BTC","1700072056","1700072061","5","37050.117599085"
"BTC","1700072052","1700072054","2","37077.291367003"
"ETH","1700072056","1700072064","8","2033.039060105"
"SOL","1700071935","1700071938","3","62.214583333"
"SOL","1700071913","1700071917","4","61.97788417"
"ETH","1700071912","1700071914","2","2018.8275"
"ETH","1700071834","1700071837","3","2015.253"
"SOL","1700072153","1700072158","5","62.75125"
"SOL","1700071934","1700071937","3","62.24252689"
"BTC","1700071975","1700071982","7","37127.332186126"
"SOL","1700071750","1700071757","7","61.685"
"SOL","1700071827","1700071831","4","61.74650353"
"ETH","1700071932","1700071937","5","2026.640073869"
"ETH","1700071871","1700071873","2","2017.842756225"
"BTC","1700071850","1700071852","2","36644.997928414"
"BTC","1700071927","1700071931","4","37064.89423912"
"BTC","1700071828","1700071832","4","36559.14154823"
"SOL","1700071828","1700071832","4","61.74849999"
"ETH","1700071859","1700071866","7","2017.296395345"
"BTC","1700072126","1700072129","3","37107.01555319"
"BTC","1700071830","1700071834","4","36566.620788415"
"BTC","1700071812","1700071819","7","36561.94797585"
"ETH","1700071988","1700071992","4","2030.203582333"
"ETH","1700071919","1700071925","6","2025.301910112"
"BTC","1700071756","1700071762","6","36521.843214285"
"ETH","1700071886","1700071888","2","2019.12125"
"SOL","1700071768","1700071770","2","61.70478563"
"ETH","1700071986","1700071990","4","2028.424736065"
"SOL","1700071999","1700072004","5","62.5628775"
"BTC","1700072009","1700072012","3","37051.78910016"
"SOL","1700071889","1700071891","2","61.93661316"
"BTC","1700072215","1700072293","78","37237.128328203"
"ETH","1700072218","1700072293","75","2042.845958783"
"ETH","1700071789","1700071791","2","2013.542142852"
"BTC","1700071850","1700071855","5","36644.997928414"
"ETH","1700072020","1700072027","7","2032.728288438"
"SOL","1700071844","1700071848","4","61.77419316"
"BTC","1700072072","1700072073","1","37042.21616296"
"SOL","1700071888","1700071891","3","61.946999466"
"BTC","1700072036","1700072039","3","37016.754298295"
"BTC","1700072039","1700072043","4","37013.527865761"
"BTC","1700072091","1700072095","4","37036.490869345"
"ETH","1700071992","1700071994","2","2033.027732894"
"BTC","1700071829","1700071833","4","36567.070774115"
"BTC","1700072151","1700072155","4","37156.998173555"
"ETH","1700072198","1700072202","4","2044.789612348"
"BTC","1700072060","1700072071","11","37034.913739775"
"BTC","1700071892","1700071898","6","36690.53734415"
"BTC","1700071760","1700071765","5","36519.687699801"
"BTC","1700072186","1700072192","6","37257.47566576"
"ETH","1700072098","1700072101","3","2032.3225"
"ETH","1700072194","1700072196","2","2045.418787343"
"BTC","1700072143","1700072146","3","37130.95187719"
"ETH","1700071798","1700071804","6","2014.12125"
"ETH","1700072128","1700072130","2","2039.46506764"
"SOL","1700072194","1700072197","3","63.0523649"
"SOL","1700072131","1700072140","9","62.82342909"
"ETH","1700071921","1700071926","5","2028.09018018"
"ETH","1700072146","1700072148","2","2039.234147745"
"ETH","1700071920","1700071925","5","2027.281618917"
"SOL","1700071950","1700071955","5","62.18618533"
"BTC","1700071965","1700071969","4","37035.956522426"
"ETH","1700071762","1700071766","4","2012.56375"
"SOL","1700072091","1700072095","4","62.3325"
"ETH","1700071844","1700071847","3","2016.59796856"
"SOL","1700071957","1700071960","3","62.14691889"
"BTC","1700071832","1700071834","2","36566.54367493"
"SOL","1700071811","1700071812","1","61.752863415"
"ETH","1700071951","1700071959","8","2023.054769275"
"ETH","1700071993","1700071997","4","2033.979470643"
"BTC","1700071993","1700072002","9","37191.900576923"
"SOL","1700072078","1700072079","1","62.415278705"
"BTC","1700071893","1700071895","2","36688.113571428"
"BTC","1700071996","1700072002","6","37168.305781366"
"ETH","1700071796","1700071800","4","2014.005844795"
"ETH","1700071774","1700071780","6","2013.228413335"
"BTC","1700072176","1700072183","7","37206.623194444"
"SOL","1700071973","1700071982","9","62.383909243"
"ETH","1700072092","1700072094","2","2032.283333333"
"SOL","1700071957","1700071960","3","62.14691889"
"ETH","1700072172","1700072173","1","2041.323181813"
"SOL","1700071949","1700071954","5","62.19606695"
"SOL","1700072128","1700072130","2","62.769057575"
"SOL","1700071829","1700071833","4","61.75692093"
"ETH","1700072072","1700072073","1","2033.275599415"
"ETH","1700072210","1700072211","1","2043.753463485"
"BTC","1700071765","1700071767","2","36518.43462906"
"BTC","1700071746","1700071755","9","36524.277868926"
"BTC","1700071965","1700071970","5","37035.956522426"
"ETH","1700072029","1700072034","5","2032.271113185"
"BTC","1700071812","1700071819","7","36561.94797585"
"SOL","1700071978","1700071982","4","62.43173181"
"BTC","1700072043","1700072045","2","37050.59784715"
"BTC","1700072215","1700072293","78","37237.128328203"
"SOL","1700072191","1700072194","3","62.928552115"
"SOL","1700072149","1700072156","7","62.746672155"
"SOL","1700072217","1700072293","76","63.056274985"
"BTC","1700071876","1700071878","2","36692.037457865"
"SOL","1700071780","1700071787","7","61.749886985"
"ETH","1700072066","1700072072","6","2033.49"
"ETH","1700071885","1700071889","4","2019.060988445"
"BTC","1700071834","1700071837","3","36588.848725812"
"SOL","1700072066","1700072072","6","62.40542523"
"BTC","1700072169","1700072171","2","37197.951021105"
"BTC","1700072068","1700072073","5","37045.94052084"
"ETH","1700072174","1700072183","9","2041.32931286"
"BTC","1700072157","1700072160","3","37234.989525307"
"BTC","1700072182","1700072188","6","37247.593744596"
"SOL","1700072069","1700072077","8","62.4733141"
"BTC","1700071764","1700071767","3","36519.352362201"
"ETH","1700071974","1700071982","8","2026.858131376"
"ETH","1700072209","1700072211","2","2044.111944444"
"ETH","1700072173","1700072182","9","2041.533479526"
"ETH","1700072194","1700072197","3","2045.418787343"
"ETH","1700072124","1700072129","5","2037.97061169"
"BTC","1700071954","1700071961","7","36924.805527"
"BTC","1700071869","1700071872","3","36660.815453833"
"BTC","1700071985","1700071989","4","37132.516675415"
"BTC","1700072194","1700072196","2","37346.905391972"
"SOL","1700071746","1700071755","9","61.68207871"
"SOL","1700071746","1700071757","11","61.68207871"
"ETH","1700072121","1700072126","5","2039.42663517"
"ETH","1700071763","1700071767","4","2012.68103995"
"SOL","1700071885","1700071889","4","61.96296659"
"BTC","1700072017","1700072022","5","37048.597159165"
"BTC","1700072054","1700072061","7","37071.28086699"
"SOL","1700071827","1700071832","5","61.74650353"
"BTC","1700071878","1700071884","6","36697.469166666"
"ETH","1700071828","1700071832","4","2014.692855545"
"SOL","1700071817","1700071819","2","61.74157142"
"BTC","1700072106","1700072113","7","37110.011413303"
"ETH","1700072078","1700072079","1","2032.87977318"
"SOL","1700072135","1700072138","3","62.805780276"
"SOL","1700072175","1700072180","5","62.79336866"
"ETH","1700071975","1700071982","7","2027.683855257"
"SOL","1700072044","1700072046","2","62.58256438"
"BTC","1700071811","1700071812","1","36561.576452296"
"BTC","1700071933","1700071937","4","37054.313607474"
"ETH","1700072134","1700072137","3","2039.454613"
"BTC","1700072134","1700072138","4","37125.28095895"
"ETH","1700071819","1700071824","5","2014.005"
"SOL","1700072140","1700072142","2","62.804541163"
"SOL","1700071951","1700071961","10","62.16398185"
"ETH","1700071774","1700071780","6","2013.228413335"
"ETH","1700072100","1700072104","4","2032.7375"
"ETH","1700072181","1700072191","10","2042.349305555"
"BTC","1700072139","1700072142","3","37150.931486091"
"BTC","1700071960","1700071965","5","36973.450430398"
"ETH","1700072148","1700072151","3","2039.728791269"
"SOL","1700071767","1700071770","3","61.704791916"
"ETH","1700072178","1700072182","4","2042.762271335"
"ETH","1700071949","1700071955","6","2023.62857606"
"BTC","1700072067","1700072073","6","37051.372509435"
"BTC","1700072146","1700072148","2","37139.24"
"ETH","1700072062","1700072071","9","2032.9475"
"ETH","1700072005","1700072010","5","2032.556364683"
"BTC","1700072018","1700072023","5","37051.996619945"
"BTC","1700071992","1700071994","2","37178.450174519"
"ETH","1700071828","1700071833","5","2014.692855545"
"SOL","1700071802","1700071804","2","61.74256815"
"ETH","1700072169","1700072171","2","2042.990255"
"SOL","1700071870","1700071873","3","61.89752218"
"SOL","1700071991","1700071993","2","62.422932078"
"ETH","1700071892","1700071895","3","2018.61507764"
"BTC","1700072029","1700072034","5","37061.293396657"
"BTC","1700072139","1700072142","3","37150.931486091"
"SOL","1700072066","1700072073","7","62.40542523"
"SOL","1700072173","1700072182","9","62.754355"
"ETH","1700072045","1700072046","1","2032.69415188"
"BTC","1700072216","1700072293","77","37236.855"
"BTC","1700072022","1700072034","12","37058.039421953"
"SOL","1700071931","1700071937","6","62.2743782"
"ETH","1700072002","1700072007","5","2029.973943166"
"BTC","1700071957","1700071961","4","36952.47417013"
"SOL","1700071986","1700071990","4","62.377225"
"ETH","1700071833","1700071837","4","2014.72141564"
"SOL","1700072019","1700072025","6","62.490709365"
"ETH","1700071764","1700071767","3","2012.62494178"
"ETH","1700071907","1700071911","4","2018.99929799"
"ETH","1700072075","1700072078","3","2033.20813916"
"ETH","1700071852","1700071858","6","2017.179021013"
"SOL","1700071751","1700071754","3","61.69076362"
"SOL","1700072103","1700072104","1","62.5125"
"ETH","1700071856","1700071863","7","2017.353032935"
"SOL","1700072046","1700072050","4","62.581059166"
"BTC","1700072154","1700072157","3","37186.781639328"
"ETH","1700072077","1700072078","1","2033.035169048"
"BTC","1700071972","1700071979","7","37057.371448928"
"BTC","1700072135","1700072137","2","37130.317727272"
"ETH","1700072001","1700072007","6","2030.24236861"
"SOL","1700071924","1700071937","13","62.234485947"
"ETH","1700072121","1700072126","5","2039.42663517"
"SOL","1700072024","1700072034","10","62.489531025"
"ETH","1700072094","1700072098","4","2032.772182425"
"ETH","1700072198","1700072202","4","2044.789612348"
"ETH","1700071989","1700071991","2","2030.928362068"
"BTC","1700071902","1700071909","7","36708.26854"
"BTC","1700072034","1700072035","1","37024.882023807"
"SOL","1700071952","1700071961","9","62.14261998"
"BTC","1700072198","1700072202","4","37285.373910637"
"SOL","1700072212","1700072293","81","63.000425"
"SOL","1700071929","1700071937","8","62.24698589"
"SOL","1700071990","1700071991","1","62.38070111"
"ETH","1700071900","1700071910","10","2018.525"
"BTC","1700072035","1700072038","3","37019.619014049"
"BTC","1700072065","1700072071","6","37049.999183932"
"BTC","1700071938","1700071952","14","37040.770963777"
"SOL","1700072181","1700072188","7","62.857795666"
"ETH","1700071790","1700071792","2","2013.58"
"BTC","1700072060","1700072072","12","37034.913739775"
"ETH","1700071767","1700071770","3","2012.63679998"
"SOL","1700071760","1700071765","5","61.70690318"
"ETH","1700071844","1700071851","7","2016.59796856"
"ETH","1700071981","1700071982","1","2027.275077991"
"BTC","1700072003","1700072007","4","37080.967083333"
"BTC","1700071785","1700071790","5","36538.73437489"
"ETH","1700072180","1700072188","8","2042.99187512"
"ETH","1700072202","1700072204","2","2044.302663735"
"SOL","1700071796","1700071800","4","61.73037895"
"ETH","1700072172","1700072173","1","2041.323181813"
"ETH","1700071892","1700071895","3","2018.61507764"
"ETH","1700071914","1700071919","5","2018.98"
"ETH","1700072020","1700072023","3","2032.728288438"
"ETH","1700072141","1700072142","1","2039.206077315"
"ETH","1700071974","1700071982","8","2026.858131376"
"BTC","1700071828","1700071832","4","36559.14154823"
"BTC","1700071916","1700071924","8","36751.334562886"
"ETH","1700072027","1700072034","7","2031.397328525"
"BTC","1700071993","1700071995","2","37190.523076923"
"BTC","1700072166","1700072171","5","37208.935995196"
"ETH","1700071763","1700071767","4","2012.68103995"
"ETH","1700071828","1700071832","4","2014.692855545"
"BTC","1700072154","1700072158","4","37186.781639328"
"SOL","1700072200","1700072202","2","63.01863721"
"ETH","1700071912","1700071914","2","2018.8275"
"SOL","1700072084","1700072087","3","62.346078751"
"ETH","1700071820","1700071822","2","2014.138749995"
"SOL","1700071802","1700071804","2","61.74256815"
"BTC","1700071850","1700071857","7","36644.997928414"
"BTC","1700071931","1700071937","6","37096.216710365"
"SOL","1700072129","1700072130","1","62.76479846"
"SOL","1700071944","1700071953","9","62.275575455"
"BTC","1700072108","1700072112","4","37093.41447787"
"SOL","1700071924","1700071931","7","62.234485947"
"ETH","1700072065","1700072069","4","2033.463526635"
"SOL","1700072211","1700072217","6","63.013771995"
"SOL","1700072202","1700072205","3","63.05375"
"SOL","1700072135","1700072137","2","62.805780276"
"SOL","1700072103","1700072104","1","62.5125"
"ETH","1700072148","1700072150","2","2039.662016654"
"SOL","1700072039","1700072043","4","62.5075"
"BTC","1700072194","1700072196","2","37346.905391972"
"ETH","1700072103","1700072104","1","2033.323563225"
"BTC","1700072153","1700072158","5","37177.19373454"
"SOL","1700072185","1700072191","6","62.8727815"
"ETH","1700072051","1700072052","1","2032.66855667"
"BTC","1700071775","1700071781","6","36537.283154997"
"ETH","1700072194","1700072196","2","2045.418787343"
"ETH","1700072164","1700072167","3","2043.54887"
"BTC","1700071746","1700071753","7","36524.277868926"
"ETH","1700072043","1700072046","3","2032.094664825"
"SOL","1700072118","1700072121","3","62.742484375"
"SOL","1700072017","1700072023","6","62.47076293"
"SOL","1700071965","1700071969","4","62.296367291"
"BTC","1700071830","1700071836","6","36566.620788415"
"ETH","1700072055","1700072061","6","2033.04877521"
"ETH","1700071893","1700071895","2","2018.535823045"
"SOL","1700071817","1700071819","2","61.74157142"
"BTC","1700072044","1700072046","2","37064.417615134"
"SOL","1700072077","1700072078","1","62.43780243"
"ETH","1700071916","1700071918","2","2019.897446043"
"BTC","1700072024","1700072034","10","37037.809121971"
"ETH","1700072106","1700072112","6","2034.4284562"
"BTC","1700071747","1700071755","8","36525.84973841"
"SOL","1700071765","1700071767","2","61.70033766"
"BTC","1700072128","1700072130","2","37115.65200495"
"ETH","1700071888","1700071891","3","2018.811927215"
"BTC","1700071918","1700071924","6","36835.197304674"
"ETH","1700072128","1700072130","2","2039.46506764"
"SOL","1700071944","1700071951","7","62.275575455"
"SOL","1700072204","1700072207","3","63.077566038"
"BTC","1700071898","1700071899","1","36685.184560047"
"SOL","1700071921","1700071924","3","62.221143745"
"ETH","1700071829","1700071833","4","2014.702266435"
"SOL","1700071866","1700071867","1","61.885634801"
"BTC","1700072147","1700072148","1","37142.67"
"ETH","1700072211","1700072293","82","2043.23625"
"SOL","1700072115","1700072117","2","62.68125"
"BTC","1700071857","1700071863","6","36644.067989184"
"SOL","1700071843","1700071847","4","61.783556225"
"BTC","1700071965","1700071971","6","37035.956522426"
"SOL","1700071972","1700071978","6","62.34888134"
"ETH","1700072056","1700072062","6","2033.039060105"
"ETH","1700071893","1700071895","2","2018.535823045"
"ETH","1700071792","1700071795","3","2013.89"
"SOL","1700071921","1700071925","4","62.221143745"
"ETH","1700072169","1700072171","2","2042.990255"
"BTC","1700071903","1700071908","5","36714.435386475"
"ETH","1700071776","1700071780","4","2013.2293899"
"SOL","1700071787","1700071790","3","61.713106"
"SOL","1700071989","1700071991","2","62.35167038"
"BTC","1700071932","1700071937","5","37072.484056131"
"ETH","1700072032","1700072035","3","2032.00033"
"ETH","1700072127","1700072129","2","2039.14436118"
"SOL","1700072160","1700072166","6","62.835694042"
"SOL","1700071804","1700071809","5","61.749051995"
"BTC","1700072096","1700072098","2","37040.899024402"
"BTC","1700071928","1700071931","3","37111.4588906"
"ETH","1700071963","1700071972","9","2024.460050565"
"SOL","1700072149","1700072154","5","62.746672155"
"ETH","1700071809","1700071812","3","2014.1962575"
"BTC","1700072197","1700072202","5","37302.532666666"
"BTC","1700072151","1700072160","9","37156.998173555"
"SOL","1700071838","1700071843","5","61.80038139"
"SOL","1700071979","1700071982","3","62.43375"
"SOL","1700071891","1700071894","3","61.931922015"
"ETH","1700071949","1700071952","3","2023.62857606"
"SOL","1700071876","1700071878","2","61.938207242"
"SOL","1700072211","1700072216","5","63.013771995"
"ETH","1700071755","1700071762","7","2012.873545825"
"ETH","1700071952","1700071961","9","2022.77556753"
"SOL","1700071790","1700071792","2","61.73146407"
"BTC","1700071919","1700071927","8","36932.444604377"
"SOL","1700072039","1700072044","5","62.495548"
"BTC","1700072103","1700072106","3","37063.273808598"
"BTC","1700072208","1700072208","0","37266.966242852"
"SOL","1700072077","1700072078","1","62.43780243"
"BTC","1700071778","1700071781","3","36540.6746305"
"SOL","1700071862","1700071866","4","61.848045765"
"SOL","1700071909","1700071911","2","61.94704725"
"SOL","1700072010","1700072014","4","62.4261839"
"BTC","1700072098","1700072102","4","37046.825806385"
"ETH","1700072022","1700072033","11","2032.094285714"
"BTC","1700071784","1700071790","6","36540.80918145"
"BTC","1700072185","1700072191","6","37260.665674995"
"SOL","1700071814","1700071819","5","61.750604505"
"BTC","1700072210","1700072211","1","37255.644999003"
"BTC","1700072062","1700072071","9","37046.449"
"SOL","1700072128","1700072130","2","62.769057575"
"SOL","1700072017","1700072023","6","62.47076293"
"SOL","1700071872","1700071873","1","61.917784965"
"BTC","1700072079","1700072081","2","37042.04505735"
"BTC","1700072113","1700072115","2","37090.975000995"
"BTC","1700071751","1700071753","2","36523.97189438"
"SOL","1700071975","1700071982","7","62.381095145"
"SOL","1700071933","1700071937","4","62.257422062"
"ETH","1700072174","1700072182","8","2041.32931286"
"BTC","1700072179","1700072184","5","37256.291360773"
"ETH","1700072183","1700072188","5","2042.769938855"
"BTC","1700072155","1700072157","2","37198.802413221"
"SOL","1700072029","1700072034","5","62.573303153"
"BTC","1700071911","1700071912","1","36707.215704645"
"BTC","1700072029","1700072034","5","37061.293396657"
"BTC","1700072088","1700072090","2","37026.485978633"
"BTC","1700072084","1700072087","3","37020.278620215"
"BTC","1700072010","1700072014","4","37044.475775862"
"BTC","1700071774","1700071779","5","36534.444570975"
"BTC","1700071764","1700071770","6","36519.352362201"
"BTC","1700071747","1700071755","8","36525.84973841"
"ETH","1700071809","1700071812","3","2014.1962575"
"ETH","1700071842","1700071844","2","2016.507575"
"SOL","1700071949","1700071958","9","62.19606695"
"BTC","1700072052","1700072056","4","37077.291367003"
"SOL","1700072118","1700072122","4","62.742484375"
"ETH","1700072135","1700072137","2","2039.758414945"
"ETH","1700072189","1700072194","5","2043.9656735"
"BTC","1700072154","1700072157","3","37186.781639328"
"BTC","1700071979","1700071982","3","37165.005789473"
"SOL","1700072097","1700072103","6","62.35446024"
"SOL","1700071762","1700071763","1","61.70449999"
"SOL","1700072067","1700072073","6","62.41758042"
"ETH","1700071996","1700072004","8","2032.724828897"
"BTC","1700072102","1700072104","2","37060.618702018"
"BTC","1700071828","1700071833","5","36559.14154823"
"SOL","1700071843","1700071847","4","61.783556225"
"BTC","1700071792","1700071795","3","36548.928017835"
"SOL","1700072047","1700072052","5","62.562243135"
"BTC","1700072059","1700072068","9","37039.938159444"
"SOL","1700071833","1700071839","6","61.758260285"
"BTC","1700071944","1700071953","9","37002.208023675"
"ETH","1700071996","1700072004","8","2032.724828897"
"ETH","1700071903","1700071910","7","2019.032527713"
"SOL","1700071796","1700071801","5","61.73037895"
"BTC","1700072080","1700072083","3","37036.389483695"
"ETH","1700072116","1700072118","2","2036.789655516"
"BTC","1700071885","1700071887","2","36706.93214724"
"BTC","1700072164","1700072167","3","37231.127207438"
"SOL","1700071784","1700071789","5","61.727358035"
"ETH","1700072219","1700072290","71","2043.12772017"
"SOL","1700071988","1700071991","3","62.35497482"
"ETH","1700071836","1700071841","5","2016.059811285"
"ETH","1700071953","1700071961","8","2023.371012818"
"SOL","1700071986","1700071990","4","62.377225"
"BTC","1700072077","1700072078","1","37043.169319235"
"BTC","1700072202","1700072205","3","37284.636666661"
"ETH","1700071827","1700071828","1","2014.658229235"
"ETH","1700071803","1700071808","5","2014.135424166"
"BTC","1700072198","1700072202","4","37285.373910637"
"BTC","1700072061","1700072071","10","37036.917868213"
"BTC","1700072161","1700072166","5","37243.376469068"
"BTC","1700072216","1700072293","77","37236.855"
"SOL","1700071762","1700071763","1","61.70449999"
"ETH","1700071790","1700071792","2","2013.58"
"SOL","1700072113","1700072115","2","62.6575"
"BTC","1700071818","1700071820","2","36558.915"
"ETH","1700071860","1700071863","3","2017.136331595"
"BTC","1700072116","1700072118","2","37100.177142857"
"SOL","1700072163","1700072166","3","62.832194045"
"SOL","1700071969","1700071975","6","62.3255"
"ETH","1700072195","1700072197","2","2045.202855831"
"BTC","1700072184","1700072188","4","37257.79239055"
"ETH","1700071982","1700071989","7","2026.564586058"
"BTC","1700072135","1700072137","2","37130.317727272"
"ETH","1700072194","1700072196","2","2045.418787343"
"SOL","1700071885","1700071889","4","61.96296659"
"SOL","1700072012","1700072015","3","62.435"
"ETH","1700072164","1700072166","2","2043.54887"
"BTC","1700071789","1700071790","1","36540.990276207"
"ETH","1700071850","1700071856","6","2017.64"
"BTC","1700072178","1700072182","4","37236.670039083"
"SOL","1700071792","1700071795","3","61.73"
"SOL","1700071975","1700071982","7","62.381095145"
"SOL","1700072020","1700072023","3","62.46914058"
"SOL","1700071828","1700071833","5","61.74849999"
"SOL","1700071828","1700071832","4","61.74849999"
"ETH","1700072091","1700072095","4","2031.557085505"
"BTC","1700072117","1700072121","4","37099.896875"
"ETH","1700071985","1700071989","4","2027.722232243"
"BTC","1700071778","1700071781","3","36540.6746305"
"BTC","1700071968","1700071969","1","37042.016318719"
"SOL","1700072215","1700072293","78","63.028201725"
"SOL","1700071831","1700071834","3","61.754086"
"SOL","1700072060","1700072071","11","62.436595975"
"SOL","1700072044","1700072046","2","62.58256438"
"SOL","1700072062","1700072070","8","62.4103075"
"ETH","1700072149","1700072154","5","2039.552281075"
"ETH","1700072154","1700072157","3","2040.077163885"
"ETH","1700071831","1700071836","5","2014.56095275"
"SOL","1700071960","1700071965","5","62.14128206"
"ETH","1700071949","1700071957","8","2023.62857606"
"SOL","1700071770","1700071774","4","61.717744675"
"SOL","1700071994","1700072004","10","62.537668192"
"BTC","1700071789","1700071790","1","36540.990276207"
"BTC","1700072160","1700072166","6","37256.750188957"
"SOL","1700072206","1700072208","2","63.049652718"
"SOL","1700072209","1700072211","2","63.017521995"
"SOL","1700071765","1700071767","2","61.70033766"
"ETH","1700071915","1700071919","4","2019"
"SOL","1700072038","1700072039","1","62.513015"
"BTC","1700072171","1700072173","2","37177.207536754"
"ETH","1700072003","1700072007","4","2030.864510735"
"ETH","1700072102","1700072104","2","2033.315348939"
"SOL","1700071851","1700071856","5","61.8169094"
"SOL","1700072175","1700072180","5","62.79336866"
"SOL","1700072108","1700072112","4","62.640218866"
"SOL","1700071852","1700071855","3","61.802509715"
"ETH","1700071791","1700071796","5","2013.7"
"SOL","1700071968","1700071971","3","62.3539711"
"BTC","1700072061","1700072069","8","37036.917868213"
"BTC","1700071901","1700071910","9","36702.707659646"
"SOL","1700071823","1700071827","4","61.753544305"
"SOL","1700072068","1700072073","5","62.441456843"
"BTC","1700071862","1700071865","3","36644.56615"
"SOL","1700072043","1700072045","2","62.55955344"
"BTC","1700072107","1700072114","7","37108.3144"
"SOL","1700072138","1700072141","3","62.829955315"
"ETH","1700071747","1700071757","10","2012.72625"
"BTC","1700071975","1700071982","7","37127.332186126"
"SOL","1700072056","1700072062","6","62.477886801"
"ETH","1700072147","1700072148","1","2039.146678175"
"BTC","1700072182","1700072188","6","37247.593744596"
"SOL","1700072060","1700072072","12","62.436595975"
"ETH","1700072191","1700072194","3","2044.670759003"
"BTC","1700071841","1700071844","3","36613.1468161"
"ETH","1700072150","1700072154","4","2039.6530342"
"BTC","1700071893","1700071895","2","36688.113571428"
"ETH","1700071993","1700072005","12","2033.979470643"
"ETH","1700072164","1700072167","3","2043.54887"
"BTC","1700072044","1700072046","2","37064.417615134"
"SOL","1700071998","1700072003","5","62.56962526"
"ETH","1700072091","1700072092","1","2031.557085505"
"ETH","1700071967","1700071971","4","2025.674312965"
"ETH","1700071832","1700071833","1","2014.60062391"
"SOL","1700071974","1700071982","8","62.375563058"
"ETH","1700071886","1700071891","5","2019.12125"
"SOL","1700072099","1700072104","5","62.37739597"
"SOL","1700072004","1700072007","3","62.45560375"
"SOL","1700072086","1700072090","4","62.34223375"
"SOL","1700071755","1700071762","7","61.705350122"
"ETH","1700072085","1700072086","1","2030.924825048"
"BTC","1700072201","1700072204","3","37276.643965278"
"BTC","1700071985","1700071989","4","37132.516675415"
"ETH","1700071948","1700071952","4","2023.7564375"
"BTC","1700071986","1700071990","4","37140.698022394"
"SOL","1700071782","1700071785","3","61.73845536"
"BTC","1700071827","1700071832","5","36566.652357455"
"BTC","1700072043","1700072046","3","37049.92193288"
"SOL","1700071912","1700071919","7","61.97525"
"BTC","1700071903","1700071910","7","36714.435386475"
"BTC","1700072062","1700072070","8","37046.449"
"ETH","1700072090","1700072091","1","2031.239085505"
"ETH","1700071968","1700071971","3","2025.889387885"
"BTC","1700072125","1700072129","4","37107.144980115"
"BTC","1700071844","1700071852","8","36622.216584311"
"ETH","1700071755","1700071762","7","2012.873545825"
"BTC","1700072194","1700072197","3","37346.905391972"
"SOL","1700072128","1700072128","0","62.735127185"
"SOL","1700071747","1700071755","8","61.694073365"
"ETH","1700072179","1700072180","1","2043.160511836"
"BTC","1700071888","1700071891","3","36693.567707711"
"SOL","1700071812","1700071819","7","61.755"
"SOL","1700071747","1700071755","8","61.694073365"
"SOL","1700071828","1700071834","6","61.74849999"
"SOL","1700072202","1700072204","2","63.05375"
"ETH","1700072092","1700072094","2","2032.283333333"
"BTC","1700071848","1700071850","2","36649.719090909"
"BTC","1700071912","1700071914","2","36713.699104011"
"SOL","1700071928","1700071934","6","62.17692707"
"ETH","1700071937","1700071956","19","2025.193499995"
"SOL","1700071798","1700071804","6","61.7575"
"BTC","1700071866","1700071867","1","36652.355227272"
"ETH","1700071901","1700071909","8","2018.691131968"
"SOL","1700071937","1700071942","5","62.18963965"
"ETH","1700071924","1700071931","7","2027.309635306"
"SOL","1700071969","1700071975","6","62.3255"
"SOL","1700071989","1700071991","2","62.35167038"
"SOL","1700072036","1700072039","3","62.55014598"
"BTC","1700072212","1700072291","79","37240.366458335"
"BTC","1700072080","1700072082","2","37036.389483695"
"SOL","1700072097","1700072100","3","62.35446024"
"ETH","1700072112","1700072115","3","2035.57374691"
"ETH","1700072075","1700072077","2","2033.20813916"
"SOL","1700071837","1700071841","4","61.800190695"
"SOL","1700072018","1700072029","11","62.47000408"
"ETH","1700072056","1700072060","4","2033.039060105"
"BTC","1700072122","1700072129","7","37112.11217497"
"BTC","1700072144","1700072146","2","37134.789885665"
"ETH","1700071915","1700071917","2","2019"
"SOL","1700072219","1700072293","74","63.081792425"
"BTC","1700071785","1700071791","6","36538.73437489"
"BTC","1700071996","1700072002","6","37168.305781366"
"BTC","1700071852","1700071858","6","36640.760416666"
"SOL","1700072096","1700072102","6","62.34918458"
"SOL","1700071953","1700071961","8","62.154074365"
"BTC","1700071985","1700071989","4","37132.516675415"
"SOL","1700072120","1700072124","4","62.79757308"
"BTC","1700071772","1700071774","2","36535.843323715"
"ETH","1700072090","1700072091","1","2031.239085505"
"ETH","1700071800","1700071804","4","2014.12101324"
"ETH","1700071876","1700071878","2","2018.65697378"
"SOL","1700071834","1700071837","3","61.773129375"
"SOL","1700071877","1700071878","1","61.9275"
"SOL","1700072066","1700072073","7","62.40542523"
"SOL","1700072072","1700072073","1","62.455"
"SOL","1700071792","1700071797","5","61.73004314"
"SOL","1700072148","1700072154","6","62.74974"
"SOL","1700072185","1700072193","8","62.8727815"
"SOL","1700072062","1700072069","7","62.4103075"
"SOL","1700071747","1700071756","9","61.694073365"
"BTC","1700072141","1700072142","1","37138.84893328"
"BTC","1700072170","1700072171","1","37188.80016596"
"BTC","1700071818","1700071820","2","36558.915"
"SOL","1700071783","1700071785","2","61.73779316"
"BTC","1700071886","1700071888","2","36705.468830875"
"ETH","1700071903","1700071910","7","2019.032527713"
"BTC","1700071934","1700071938","4","37057.391920514"
"BTC","1700071763","1700071767","4","36519.11536393"
"ETH","1700071797","1700071804","7","2014.116001685"
"BTC","1700071861","1700071863","2","36640.329166666"
"BTC","1700071787","1700071790","3","36539.280554478"
"ETH","1700071965","1700071969","4","2025.149763643"
"ETH","1700072044","1700072046","2","2032.599284675"
"ETH","1700071823","1700071825","2","2014.40515392"
"ETH","1700072208","1700072209","1","2044.77061422"
"SOL","1700072073","1700072078","5","62.46554761"
"SOL","1700071978","1700071982","4","62.43173181"
"ETH","1700071856","1700071864","8","2017.353032935"
"ETH","1700071761","1700071765","4","2012.62816578"
"ETH","1700071844","1700071851","7","2016.59796856"
"ETH","1700071867","1700071872","5","2017.77294812"
"ETH","1700071949","1700071956","7","2023.62857606"
"ETH","1700071856","1700071863","7","2017.353032935"
"BTC","1700071861","1700071863","2","36640.329166666"
"ETH","1700071898","1700071900","2","2018.301675"
"SOL","1700071855","1700071864","9","61.81058237"
"ETH","1700072176","1700072182","6","2041.7375"
"BTC","1700072191","1700072194","3","37304.001477272"
"BTC","1700072077","1700072079","2","37045.822928695"
"BTC","1700072038","1700072039","1","37011.592510935"
"SOL","1700072115","1700072117","2","62.68125"
"SOL","1700071885","1700071887","2","61.96296659"
"ETH","1700072098","1700072101","3","2032.3225"
"BTC","1700071956","1700071961","5","36926.433563783"
"BTC","1700072110","1700072112","2","37088.633571428"
"ETH","1700072118","1700072122","4","2038.362773851"
"ETH","1700072109","1700072114","5","2034.42857456"
"SOL","1700072111","1700072115","4","62.62814985"
"SOL","1700071780","1700071784","4","61.7475"
"ETH","1700072108","1700072112","4","2034.22747456"
"BTC","1700071855","1700071863","8","36641.660619943"
"SOL","1700072173","1700072179","6","62.754355"
"ETH","1700072053","1700072057","4","2032.992962962"
"BTC","1700072111","1700072114","3","37084.0555"
"SOL","1700071883","1700071887","4","61.95"
"SOL","1700072188","1700072194","6","62.89260264"
"SOL","1700071933","1700071937","4","62.257422062"
"SOL","1700071751","1700071756","5","61.69076362"
"BTC","1700071904","1700071909","5","36713.751616313"
"SOL","1700071805","1700071808","3","61.74889715"
"BTC","1700071965","1700071971","6","37035.956522426"
"ETH","1700072206","1700072208","2","2045.0925"
"SOL","1700072018","1700072023","5","62.47000408"
"BTC","1700071866","1700071867","1","36652.355227272"
"ETH","1700071767","1700071770","3","2012.63679998"
"BTC","1700072146","1700072148","2","37139.24"
"SOL","1700071995","1700072001","6","62.589657605"
"BTC","1700071792","1700071795","3","36548.928017835"
"BTC","1700072130","1700072135","5","37115.96375"
"BTC","1700072154","1700072157","3","37186.781639328"
"BTC","1700072103","1700072104","1","37061.807974443"
"BTC","1700072167","1700072170","3","37200.740482456"
"ETH","1700071834","1700071837","3","2015.253"
"ETH","1700071858","1700071863","5","2017.457643733"
"BTC","1700071867","1700071870","3","36657.65136017"
"ETH","1700071885","1700071889","4","2019.060988445"
"ETH","1700072202","1700072206","4","2044.302663735"
"ETH","1700072146","1700072148","2","2039.234147745"
"ETH","1700071827","1700071828","1","2014.658229235"
"ETH","1700072212","1700072290","78","2042.79155193"
"BTC","1700071856","1700071863","7","36641.152584166"
"SOL","1700071746","1700071757","11","61.68207871"
"BTC","1700071763","1700071766","3","36519.11536393"
"ETH","1700071892","1700071895","3","2018.61507764"
"ETH","1700072050","1700072052","2","2032.955"
"BTC","1700072017","1700072024","7","37048.597159165"
"SOL","1700071790","1700071792","2","61.73146407"
"ETH","1700072180","1700072188","8","2042.99187512"
"BTC","1700072045","1700072046","1","37072.209717121"
"ETH","1700072155","1700072157","2","2040.343611111"
"ETH","1700072108","1700072114","6","2034.22747456"
"SOL","1700071969","1700071975","6","62.3255"
"SOL","1700071928","1700071936","8","62.17692707"
"BTC","1700071942","1700071954","12","37018.08231958"
"BTC","1700071992","1700071994","2","37178.450174519"
"SOL","1700071784","1700071788","4","61.72899865"
"SOL","1700071848","1700071850","2","61.840477375"
"SOL","1700071838","1700071841","3","61.80038139"
"SOL","1700071921","1700071928","7","62.221143745"
"BTC","1700071994","1700072003","9","37207.08171806"
"ETH","1700072141","1700072142","1","2039.206077315"
"ETH","1700071850","1700071855","5","2017.64"
"SOL","1700072039","1700072043","4","62.5075"
"SOL","1700072125","1700072129","4","62.68904823"
"BTC","1700071827","1700071832","5","36566.652357455"
"SOL","1700071999","1700072002","3","62.5628775"