market,openTimestamp,closeTimestamp,latency,price
"ETH","1700068910","1700068914","4","2005.66147034"
"ETH","1700068946","1700068954","8","2006.162796904"
"ETH","1700069068","1700069073","5","2006.11242835"
"SOL","1700068640","1700068652","12","61.41386907"
"BTC","1700069111","1700069114","3","36373.95"
"SOL","1700068689","1700068694","5","61.36552011"
"ETH","1700068932","1700068937","5","2006.288518534"
"ETH","1700069116","1700069122","6","2007.62304427"
"SOL","1700068849","1700068849","0","61.229057565"
"ETH","1700068700","1700068706","6","2009.42"
"ETH","1700068947","1700068954","7","2006.267142857"
"BTC","1700068638","1700068641","3","36404.50225488"
"ETH","1700068980","1700068983","3","2005.435"
"ETH","1700068424","1700068427","3","2008.65246736"
"SOL","1700068709","1700068715","6","61.38386075"
"ETH","1700068770","1700068773","3","2005.69774548"
"BTC","1700068901","1700068902","1","36323.415914975"
"BTC","1700068669","1700068680","11","36421.33637653"
"BTC","1700068659","1700068663","4","36417.348"
"ETH","1700068639","1700068641","2","2009.05903744"
"ETH","1700068730","1700068735","5","2008.2883808"
"BTC","1700068735","1700068739","4","36416.311495115"
"ETH","1700068826","1700068828","2","2007.48625"
"SOL","1700068891","1700068893","2","61.04609305"
"SOL","1700069142","1700069150","8","61.09907587"
"BTC","1700068930","1700068932","2","36333.76494152"
"SOL","1700068823","1700068826","3","61.21933775"
"ETH","1700068634","1700068636","2","2009.004539995"
"SOL","1700069063","1700069065","2","61.026377385"
"BTC","1700069069","1700069081","12","36358.9050025"
"SOL","1700069081","1700069084","3","60.98072354"
"BTC","1700068870","1700068872","2","36364.294809855"
"ETH","1700069116","1700069120","4","2007.62304427"
"SOL","1700069116","1700069122","6","61.09537529"
"SOL","1700068480","1700068484","4","61.207227706"
"ETH","1700068994","1700068996","2","2005.985"
"BTC","1700068919","1700068920","1","36326.8"
"SOL","1700068954","1700068958","4","61.061117875"
"ETH","1700068874","1700068878","4","2006.076573015"
"ETH","1700068556","1700068563","7","2008.140996915"
"BTC","1700069161","1700069164","3","36400.51170399"
"ETH","1700068965","1700068968","3","2005.402355823"
"SOL","1700068823","1700068826","3","61.21933775"
"BTC","1700068840","1700068845","5","36414.17287118"
"SOL","1700068939","1700068944","5","61.06922583"
"ETH","1700068707","1700068710","3","2009.01019496"
"SOL","1700068741","1700068743","2","61.29031286"
"BTC","1700068757","1700068761","4","36390.3375"
"SOL","1700068769","1700068771","2","61.24"
"SOL","1700068968","1700068972","4","61.0695557"
"BTC","1700068631","1700068633","2","36415.95781989"
"ETH","1700068637","1700068641","4","2009.06767232"
"BTC","1700068993","1700068996","3","36359.305178571"
"SOL","1700069080","1700069084","4","60.99267385"
"BTC","1700068675","1700068680","5","36421.120068263"
"ETH","1700068616","1700068620","4","2009.713493901"
"BTC","1700068800","1700068801","1","36393.89855133"
"SOL","1700068701","1700068706","5","61.389354838"
"ETH","1700068847","1700068849","2","2008.29775037"
"BTC","1700068478","1700068479","1","36392.69526425"
"SOL","1700068608","1700068612","4","61.27751499"
"SOL","1700068678","1700068683","5","61.27130745"
"ETH","1700068684","1700068686","2","2009.1219187"
"BTC","1700069091","1700069093","2","36362.626476245"
"ETH","1700069106","1700069108","2","2007.004498115"
"ETH","1700069063","1700069069","6","2006.89846637"
"ETH","1700068608","1700068612","4","2008.88379958"
"BTC","1700068927","1700068929","2","36331.27"
"SOL","1700068878","1700068880","2","61.09938953"
"BTC","1700069105","1700069107","2","36374.451666661"
"BTC","1700068880","1700068885","5","36348.032624531"
"SOL","1700069023","1700069082","59","61.071883235"
"BTC","1700068903","1700068907","4","36324.74680555"
"ETH","1700068944","1700068947","3","2006.085097432"
"SOL","1700069055","1700069057","2","61.1068"
"SOL","1700069076","1700069077","1","60.99972254"
"ETH","1700068709","1700068712","3","2008.96569496"
"BTC","1700068718","1700068719","1","36416.05889964"
"BTC","1700068724","1700068726","2","36417.58319939"
"SOL","1700068477","1700068482","5","61.20661083"
"ETH","1700068698","1700068700","2","2009.533562405"
"ETH","1700068760","1700068762","2","2005.56"
"SOL","1700068879","1700068884","5","61.1107756"
"SOL","1700068724","1700068726","2","61.33325808"
"ETH","1700068890","1700068893","3","2005.8569306"
"ETH","1700069009","1700069019","10","2006.093786"
"BTC","1700068660","1700068663","3","36406.34417804"
"ETH","1700068479","1700068482","3","2008.34858742"
"ETH","1700068731","1700068735","4","2008.150107645"
"BTC","1700068873","1700068878","5","36352.905516362"
"ETH","1700068761","1700068763","2","2005.495453705"
"BTC","1700069018","1700069021","3","36380.28479019"
"SOL","1700069123","1700069130","7","61.07889589"
"BTC","1700069148","1700069153","5","36392.949804713"
"BTC","1700069156","1700069157","1","36398.11025475"
"BTC","1700069016","1700069023","7","36379.6425"
"BTC","1700068806","1700068808","2","36398.76184768"
"BTC","1700068755","1700068756","1","36395.532884615"
"BTC","1700068660","1700068663","3","36406.34417804"
"BTC","1700068994","1700068996","2","36354.7525"
"SOL","1700069007","1700069009","2","61.0200235"
"SOL","1700069051","1700069084","33","61.0961775"
"ETH","1700069076","1700069077","1","2005.794017155"
"ETH","1700069111","1700069114","3","2007.035684715"
"BTC","1700068698","1700068700","2","36432.454789626"
"BTC","1700068476","1700068479","3","36392.949927077"
"BTC","1700068788","1700068789","1","36382"
"ETH","1700068769","1700068773","4","2005.625307555"
"SOL","1700068867","1700068868","1","61.162508"
"ETH","1700069016","1700069023","7","2007.16048"
"BTC","1700069057","1700069063","6","36387.892171589"
"BTC","1700069148","1700069153","5","36392.949804713"
"BTC","1700068424","1700068427","3","36373.384295855"
"SOL","1700069040","1700069084","44","61.02273071"
"ETH","1700069096","1700069148","52","2006.53800675"
"BTC","1700068721","1700068722","1","36419.11972025"
"BTC","1700068599","1700068601","2","36388.21287956"
"SOL","1700068443","1700068450","7","61.25579413"
"ETH","1700068694","1700068695","1","2009.44886445"
"SOL","1700068775","1700068782","7","61.18925"
"ETH","1700068847","1700068850","3","2008.29775037"
"BTC","1700068824","1700068826","2","36399.95717904"
"BTC","1700068645","1700068649","4","36420.801235165"
"SOL","1700068891","1700068893","2","61.04609305"
"ETH","1700068621","1700068623","2","2009.009654385"
"BTC","1700068714","1700068716","2","36416.287760135"
"SOL","1700068856","1700068861","5","61.18530535"
"ETH","1700069006","1700069008","2","2006.005"
"SOL","1700069041","1700069045","4","61.02389854"
"BTC","1700069118","1700069123","5","36380.1226625"
"ETH","1700068849","1700068850","1","2008.228522015"
"ETH","1700068680","1700068686","6","2009.06223971"
"ETH","1700068714","1700068717","3","2008.38243184"
"ETH","1700069027","1700069081","54","2007.45839078"
"SOL","1700068579","1700068582","3","61.15255691"
"ETH","1700068645","1700068652","7","2009"
"ETH","1700068446","1700068450","4","2008.122457361"
"ETH","1700068852","1700068861","9","2008.22337405"
"BTC","1700068805","1700068808","3","36395.310454545"
"SOL","1700068949","1700068954","5","61.084866495"
"ETH","1700068524","1700068525","1","2008.819999995"
"BTC","1700068753","1700068758","5","36397.12496287"
"ETH","1700068975","1700068977","2","2005.46361261"
"SOL","1700068996","1700068997","1","61.029472155"
"BTC","1700068493","1700068498","5","36393.17643156"
"BTC","1700068826","1700068828","2","36402.542660173"
"ETH","1700068848","1700068849","1","2008.33616344"
"SOL","1700069111","1700069114","3","60.990438445"
"BTC","1700068507","1700068511","4","36394.778814583"
"BTC","1700069152","1700069156","4","36394.647586916"
"BTC","1700068476","1700068478","2","36392.396150902"
"SOL","1700068830","1700068835","5","61.23798286"
"ETH","1700068387","1700068390","3","2008.622475245"
"SOL","1700068499","1700068501","2","61.20186565"
"ETH","1700068765","1700068768","3","2005.514687768"
"SOL","1700069117","1700069119","2","61.0827302"
"SOL","1700069118","1700069119","1","61.07888538"
"ETH","1700068524","1700068526","2","2008.795213295"
"ETH","1700069161","1700069166","5","2008.836191791"
"SOL","1700069023","1700069082","59","61.071883235"
"ETH","1700069010","1700069019","9","2006.241286"
"BTC","1700068427","1700068435","8","36379.51303628"
"SOL","1700069099","1700069101","2","60.90527637"
"BTC","1700068663","1700068665","2","36417.85421696"
"SOL","1700068724","1700068726","2","61.33325808"
"SOL","1700068930","1700068932","2","61.08660546"
"ETH","1700069118","1700069123","5","2007.6626899"
"BTC","1700068914","1700068918","4","36327.811119807"
"SOL","1700068622","1700068625","3","61.347247488"
"SOL","1700068609","1700068612","3","61.27845132"
"ETH","1700068675","1700068679","4","2009.13856441"
"BTC","1700068801","1700068806","5","36393.941884663"
"ETH","1700068951","1700068954","3","2006.245"
"BTC","1700069064","1700069072","8","36372.973252068"
"ETH","1700068669","1700068674","5","2009.066737493"
"SOL","1700069124","1700069130","6","61.048615515"
"SOL","1700068848","1700068849","1","61.24333793"
"ETH","1700068694","1700068695","1","2009.44886445"
"ETH","1700068700","1700068704","4","2009.42"
"SOL","1700068478","1700068479","1","61.20442857"
"ETH","1700068776","1700068779","3","2005.9"
"BTC","1700068724","1700068726","2","36417.58319939"
"SOL","1700068429","1700068435","6","61.33"
"BTC","1700068822","1700068826","4","36398.805967835"
"ETH","1700069160","1700069162","2","2008.879166666"
"BTC","1700068951","1700068954","3","36353.401913477"
"SOL","1700068680","1700068686","6","61.27434429"
"SOL","1700068935","1700068937","2","61.09122238"
"SOL","1700068978","1700068984","6","61.04430375"
"BTC","1700068969","1700068972","3","36345.333314345"
"SOL","1700068513","1700068517","4","61.27693221"
"BTC","1700069057","1700069063","6","36387.892171589"
"SOL","1700069016","1700069023","7","61.133"
"SOL","1700068635","1700068641","6","61.40440159"
"SOL","1700069067","1700069074","7","61.018239995"
"BTC","1700068816","1700068826","10","36400.72835256"
"BTC","1700068829","1700068835","6","36406.85293069"
"BTC","1700069117","1700069119","2","36384.832997916"
"BTC","1700069111","1700069114","3","36373.95"
"ETH","1700068525","1700068530","5","2008.67811778"
"BTC","1700068955","1700068966","11","36343.785"
"BTC","1700068954","1700068958","4","36346.60036725"
"BTC","1700069157","1700069160","3","36403.05205822"
"SOL","1700068757","1700068760","3","61.27147619"
"SOL","1700068435","1700068438","3","61.30782422"
"SOL","1700068954","1700068958","4","61.061117875"
"BTC","1700068807","1700068808","1","36400.12912509"
"ETH","1700068851","1700068852","1","2008.121903275"
"BTC","1700068626","1700068631","5","36415.550355586"
"SOL","1700069160","1700069162","2","61.215"
"BTC","1700068714","1700068717","3","36416.287760135"
"SOL","1700068642","1700068652","10","61.41280955"
"SOL","1700068954","1700068959","5","61.061117875"
"BTC","1700068830","1700068835","5","36406.25163446"
"SOL","1700068652","1700068655","3","61.30385777"
"SOL","1700069127","1700069130","3","61.047700125"
"BTC","1700068674","1700068678","4","36421.44173493"
"BTC","1700068822","1700068826","4","36398.805967835"
"BTC","1700068829","1700068832","3","36406.85293069"
"ETH","1700068997","1700068999","2","2006.032807965"
"SOL","1700069053","1700069057","4","61.09491213"
"ETH","1700069058","1700069063","5","2007.665397655"
"SOL","1700069069","1700069084","15","61.01651976"
"BTC","1700068856","1700068861","5","36395.38445746"
"SOL","1700069063","1700069069","6","61.026377385"
"SOL","1700069077","1700069081","4","60.9965337"
"BTC","1700069100","1700069105","5","36369.670833333"
"ETH","1700069112","1700069114","2","2007.0532381"
"SOL","1700068524","1700068526","2","61.3014115"
"SOL","1700068762","1700068764","2","61.244444535"
"BTC","1700068646","1700068649","3","36419.651551675"
"SOL","1700069042","1700069045","3","61.026652968"
"SOL","1700069098","1700069103","5","60.89997583"
"ETH","1700068761","1700068763","2","2005.495453705"
"ETH","1700068835","1700068839","4","2008.121099651"
"BTC","1700068545","1700068548","3","36399.39"
"BTC","1700068937","1700068941","4","36337.680277777"
"ETH","1700069133","1700069137","4","2007.71539558"
"ETH","1700068501","1700068505","4","2008.543405805"
"SOL","1700069025","1700069082","57","61.047565125"
"BTC","1700069041","1700069045","4","36386.42489715"
"BTC","1700068546","1700068547","1","36398.105869591"
"SOL","1700069039","1700069045","6","61.026365355"
"ETH","1700068753","1700068760","7","2006.28"
"SOL","1700068872","1700068876","4","61.102724315"
"SOL","1700069138","1700069140","2","61.0776127"
"BTC","1700068614","1700068617","3","36400.965"
"ETH","1700068806","1700068808","2","2007.29155335"
"BTC","1700069063","1700069065","2","36376.291098975"
"BTC","1700069130","1700069148","18","36381.3745"
"ETH","1700069150","1700069153","3","2008.49640794"
"ETH","1700068857","1700068861","4","2007.696439335"
"SOL","1700068696","1700068698","2","61.40944114"
"SOL","1700068637","1700068641","4","61.417891625"
"BTC","1700068676","1700068679","3","36420.19166182"
"SOL","1700068880","1700068884","4","61.11061652"
"ETH","1700069091","1700069093","2","2006.41095329"
"ETH","1700069099","1700069103","4","2006.56"
"BTC","1700069025","1700069081","56","36378.09562794"
"BTC","1700069023","1700069085","62","36379.974214605"
"BTC","1700068710","1700068713","3","36424.143970545"
"BTC","1700068725","1700068727","2","36419.378571428"
"SOL","1700068745","1700068753","8","61.31709386"
"BTC","1700068714","1700068717","3","36416.287760135"
"SOL","1700068741","1700068743","2","61.29031286"
"SOL","1700068725","1700068726","1","61.33019674"
"BTC","1700068715","1700068720","5","36417.08850143"
"SOL","1700068608","1700068612","4","61.27751499"
"ETH","1700069031","1700069035","4","2007.633749995"
"BTC","1700068650","1700068656","6","36417.055098823"
"SOL","1700069119","1700069123","4","61.068685445"
"BTC","1700068897","1700068901","4","36327.71519094"
"BTC","1700068709","1700068714","5","36429.59917714"
"SOL","1700068755","1700068756","1","61.27034"
"ETH","1700068989","1700068995","6","2005.82"
"ETH","1700068999","1700069005","6","2005.749515785"
"BTC","1700069115","1700069119","4","36380.637813288"
"BTC","1700068676","1700068679","3","36420.19166182"
"ETH","1700069056","1700069059","3","2007.702916595"
"BTC","1700068738","1700068742","4","36408.32736127"
"BTC","1700069161","1700069165","4","36400.97842488"
"SOL","1700069162","1700069169","7","61.242886435"
"BTC","1700068763","1700068764","1","36386.304903033"
"ETH","1700069156","1700069157","1","2008.8175"
"ETH","1700068579","1700068581","2","2008.37941186"
"SOL","1700068946","1700068954","8","61.060823725"
"ETH","1700069076","1700069077","1","2005.794017155"
"BTC","1700068945","1700068949","4","36336.910129058"
"SOL","1700069148","1700069153","5","61.0962935"
"ETH","1700068632","1700068634","2","2009.01875"
"SOL","1700068564","1700068565","1","61.180284065"
"ETH","1700068796","1700068800","4","2006.696601525"
"ETH","1700068499","1700068501","2","2008.82546553"
"ETH","1700068926","1700068927","1","2005.57021003"
"BTC","1700068717","1700068720","3","36416.23139964"
"SOL","1700068627","1700068630","3","61.3955"
"SOL","1700068935","1700068937","2","61.09122238"
"SOL","1700068990","1700068996","6","61.050006655"
"ETH","1700068995","1700068997","2","2006.0377625"
"SOL","1700068670","1700068679","9","61.27209759"
"ETH","1700068687","1700068689","2","2009.150504071"
"BTC","1700068740","1700068743","3","36417.42707853"
"SOL","1700068708","1700068711","3","61.3859108"
"BTC","1700068520","1700068524","4","36399.290899825"
"ETH","1700069096","1700069148","52","2006.53800675"
"SOL","1700069041","1700069045","4","61.02389854"
"ETH","1700068788","1700068789","1","2006.169627286"
"ETH","1700069100","1700069105","5","2006.582832155"
"ETH","1700069130","1700069148","18","2007.73664558"
"SOL","1700068611","1700068614","3","61.2857932"
"ETH","1700068662","1700068663","1","2008.97048585"
"SOL","1700068461","1700068464","3","61.308495"
"BTC","1700068484","1700068488","4","36394.331224395"
"SOL","1700068666","1700068676","10","61.25379269"
"BTC","1700068457","1700068461","4","36394.1675"
"SOL","1700068754","1700068760","6","61.278205415"
"BTC","1700068961","1700068964","3","36347.03268336"
"BTC","1700069149","1700069155","6","36390.47033394"
"ETH","1700068908","1700068913","5","2005.471439655"
"SOL","1700068700","1700068704","4","61.3957375"
"SOL","1700069119","1700069123","4","61.068685445"
"ETH","1700068813","1700068816","3","2008.01875"
"ETH","1700068441","1700068443","2","2008.89690922"
"SOL","1700069048","1700069056","8","61.08555446"
"ETH","1700068648","1700068650","2","2008.567209575"
"SOL","1700068731","1700068735","4","61.310629775"
"SOL","1700069031","1700069035","4","61.05505532"
"ETH","1700069027","1700069082","55","2007.45839078"
"BTC","1700068771","1700068778","7","36389.535413445"
"BTC","1700068905","1700068914","9","36324.10382839"
"BTC","1700069149","1700069153","4","36390.47033394"
"BTC","1700068938","1700068944","6","36334.33266734"
"ETH","1700069000","1700069005","5","2005.935"
"ETH","1700069156","1700069157","1","2008.871791"
"SOL","1700068784","1700068789","5","61.18654761"
"SOL","1700068872","1700068876","4","61.102724315"
"ETH","1700068643","1700068652","9","2008.92"
"BTC","1700068387","1700068389","2","36368.09758908"
"SOL","1700068613","1700068616","3","61.32533751"
"ETH","1700068638","1700068641","3","2009.14409464"
"SOL","1700068639","1700068641","2","61.41280955"
"BTC","1700068694","1700068695","1","36433.334361288"
"BTC","1700068739","1700068743","4","36408.07619478"
"SOL","1700068826","1700068829","3","61.24155686"
"BTC","1700068383","1700068384","1","36371.3325"
"BTC","1700068792","1700068794","2","36391.926191921"
"ETH","1700069015","1700069019","4","2007.1525"
"BTC","1700069016","1700069018","2","36379.49032658"
"ETH","1700068701","1700068706","5","2009.267084835"
"BTC","1700069111","1700069114","3","36373.95"
"ETH","1700068884","1700068887","3","2005.766251"
"SOL","1700068815","1700068817","2","61.238027275"
"SOL","1700068715","1700068719","4","61.31302232"
"BTC","1700068671","1700068678","7","36421.449544578"
"BTC","1700068735","1700068739","4","36416.311495115"
"BTC","1700068743","1700068746","3","36417.241921705"
"BTC","1700068919","1700068920","1","36326.8"
"BTC","1700068964","1700068971","7","36351.61565468"
"SOL","1700068816","1700068826","10","61.23327558"
"ETH","1700068743","1700068746","3","2007.85"
"ETH","1700068647","1700068649","2","2008.621666666"
"SOL","1700068908","1700068914","6","61.07139296"
"ETH","1700068633","1700068636","3","2009.045028405"
"ETH","1700068690","1700068694","4","2009.21266227"
"BTC","1700068762","1700068765","3","36384.7515697"
"SOL","1700068930","1700068932","2","61.08660546"
"BTC","1700068873","1700068878","5","36352.905516362"
"ETH","1700069021","1700069026","5","2007.316029225"
"ETH","1700068676","1700068679","3","2008.951957535"
"ETH","1700068788","1700068789","1","2006.169627286"
"BTC","1700069156","1700069157","1","36398.11025475"
"BTC","1700069130","1700069148","18","36381.3745"
"BTC","1700068621","1700068623","2","36413.195106125"
"SOL","1700068761","1700068763","2","61.25102319"
"SOL","1700068872","1700068876","4","61.102724315"
"BTC","1700068901","1700068902","1","36323.415914975"
"SOL","1700068471","1700068475","4","61.22257227"
"SOL","1700069156","1700069157","1","61.217885085"
"SOL","1700069071","1700069077","6","61.01430201"
"SOL","1700069089","1700069091","2","60.92538999"
"ETH","1700068602","1700068603","1","2008.81636336"
"BTC","1700069150","1700069153","3","36394.320895535"
"BTC","1700069057","1700069064","7","36387.892171589"
"SOL","1700068979","1700068984","5","61.04292409"
"SOL","1700068794","1700068796","2","61.15959733"
"SOL","1700068830","1700068835","5","61.23798286"
"ETH","1700068600","1700068601","1","2008.72566943"
"BTC","1700069049","1700069056","7","36383.91"
"SOL","1700069098","1700069103","5","60.89997583"
"BTC","1700068779","1700068781","2","36390.663721225"
"BTC","1700069136","1700069138","2","36382.1134375"
"SOL","1700069095","1700069101","6","60.90160384"
"ETH","1700068968","1700068972","4","2005.35365667"
"ETH","1700069116","1700069121","5","2007.62304427"
"ETH","1700068617","1700068623","6","2009.8875"
"ETH","1700068718","1700068720","2","2008.24875"
"BTC","1700068930","1700068932","2","36333.76494152"
"BTC","1700069152","1700069156","4","36394.647586916"
"SOL","1700068880","1700068887","7","61.10563498"
"ETH","1700068412","1700068414","2","2009.489785908"
"BTC","1700069156","1700069157","1","36398.11025475"
"ETH","1700069123","1700069130","7","2007.73664558"
"ETH","1700068672","1700068680","8","2009.1"
"BTC","1700068893","1700068896","3","36331.818189372"
"ETH","1700068686","1700068687","1","2009.145"
"BTC","1700068659","1700068664","5","36417.348"
"SOL","1700068800","1700068801","1","61.146974745"
"SOL","1700068835","1700068838","3","61.24399999"
"SOL","1700068958","1700068964","6","61.06413753"
"ETH","1700068623","1700068631","8","2008.995779675"
"ETH","1700068876","1700068880","4","2005.919526415"
"BTC","1700068791","1700068794","3","36381.95"
"ETH","1700068717","1700068720","3","2008.26"
"SOL","1700068892","1700068898","6","61.036934585"
"BTC","1700068620","1700068623","3","36411.766357505"
"ETH","1700068734","1700068740","6","2008.17701262"
"ETH","1700068641","1700068645","4","2009.08138416"
"SOL","1700068947","1700068954","7","61.06164745"
"ETH","1700069023","1700069084","61","2007.37170732"
"SOL","1700068621","1700068623","2","61.3314928"
"ETH","1700068809","1700068813","4","2007.65600687"
"ETH","1700069123","1700069130","7","2007.73664558"
"SOL","1700068773","1700068778","5","61.18818408"
"ETH","1700068901","1700068903","2","2005.49291779"
"BTC","1700068924","1700068927","3","36325.58850983"
"BTC","1700068610","1700068612","2","36406.188837188"
"SOL","1700068788","1700068789","1","61.177263055"
"BTC","1700069035","1700069041","6","36390.56"
"ETH","1700068755","1700068756","1","2006.2867121"
"ETH","1700068772","1700068778","6","2005.807865085"
"ETH","1700068670","1700068680","10","2009.10680832"
"SOL","1700068756","1700068761","5","61.269405833"
"BTC","1700068856","1700068861","5","36395.38445746"
"SOL","1700069039","1700069045","6","61.026365355"
"BTC","1700069009","1700069013","4","36365.880655305"
"ETH","1700068466","1700068471","5","2008.8227622"
"BTC","1700069016","1700069018","2","36379.49032658"
"SOL","1700069131","1700069137","6","61.05136491"
"BTC","1700069022","1700069029","7","36379.895"
"SOL","1700068968","1700068972","4","61.0695557"
"BTC","1700068863","1700068869","6","36396.737481518"
"BTC","1700068925","1700068927","2","36325.5878918"
"ETH","1700068896","1700068901","5","2005.490326828"
"ETH","1700069021","1700069026","5","2007.316029225"
"ETH","1700068621","1700068623","2","2009.009654385"
"ETH","1700068394","1700068398","4","2008.621401905"
"ETH","1700068751","1700068753","2","2006.43974464"
"SOL","1700068613","1700068616","3","61.32533751"
"SOL","1700069125","1700069130","5","61.048194005"
"ETH","1700069136","1700069138","2","2007.76625"
"SOL","1700068695","1700068698","3","61.3950834"
"BTC","1700068989","1700068998","9","36357.358928756"
"BTC","1700068565","1700068568","3","36402.261602945"
"ETH","1700068971","1700068972","1","2005.3434461"
"BTC","1700068487","1700068492","5","36385.46741719"
"SOL","1700068885","1700068893","8","61.07634523"
"BTC","1700068763","1700068764","1","36386.304903033"
"ETH","1700069003","1700069008","5","2006.0601364"
"SOL","1700069013","1700069019","6","61.059578866"
"SOL","1700069064","1700069073","9","61.02011483"
"SOL","1700069157","1700069161","4","61.223485703"
"SOL","1700068645","1700068649","4","61.40172591"
"SOL","1700068788","1700068791","3","61.177263055"
"SOL","1700068910","1700068914","4","61.0686647"
"SOL","1700069048","1700069051","3","61.08555446"
"ETH","1700068704","1700068706","2","2009.2125"
"ETH","1700068932","1700068936","4","2006.288518534"
"SOL","1700069055","1700069057","2","61.1068"
"BTC","1700069056","1700069060","4","36389.010027261"
"ETH","1700068765","1700068768","3","2005.514687768"
"ETH","1700068980","1700068982","2","2005.435"
"SOL","1700068419","1700068420","1","61.2920365"
"BTC","1700068688","1700068694","6","36427.977486165"
"ETH","1700068703","1700068706","3","2009.235"
"ETH","1700068687","1700068689","2","2009.150504071"
"ETH","1700068728","1700068735","7","2008.3475"
"SOL","1700069026","1700069034","8","61.04"
"ETH","1700068670","1700068680","10","2009.10680832"
"ETH","1700068611","1700068614","3","2009.42657409"
"SOL","1700068821","1700068826","5","61.23134556"
"BTC","1700068785","1700068788","3","36381.34569815"
"BTC","1700069085","1700069091","6","36354.72967916"
"BTC","1700068729","1700068735","6","36418.87207853"
"ETH","1700068898","1700068901","3","2005.52209874"
"BTC","1700069044","1700069047","3","36391.966871065"
"SOL","1700068918","1700068920","2","61.0615525"
"SOL","1700069040","1700069085","45","61.02273071"
"SOL","1700069099","1700069102","3","60.90527637"
"BTC","1700068640","1700068649","9","36420.431795765"
"BTC","1700068729","1700068735","6","36418.87207853"
"SOL","1700069165","1700069169","4","61.28179421"
"SOL","1700069099","1700069103","4","60.90527637"
"BTC","1700069010","1700069019","9","36367.348571971"
"ETH","1700068834","1700068838","4","2008.076677465"
"BTC","1700068849","1700068850","1","36411.814737513"
"SOL","1700068747","1700068753","6","61.290126165"
"SOL","1700068381","1700068383","2","61.231337525"
"BTC","1700068638","1700068641","3","36404.50225488"
"ETH","1700068510","1700068511","1","2008.68"
"SOL","1700068880","1700068886","6","61.10563498"
"BTC","1700068715","1700068718","3","36417.57875"
"BTC","1700068849","1700068849","0","36411.814737513"
"SOL","1700068686","1700068688","2","61.345"
"SOL","1700068949","1700068954","5","61.084866495"
"ETH","1700068621","1700068623","2","2009.009654385"
"BTC","1700068656","1700068662","6","36406.545"
"ETH","1700068782","1700068787","5","2005.94891885"
"ETH","1700068940","1700068944","4","2005.98"
"ETH","1700069000","1700069004","4","2005.935"
"ETH","1700068964","1700068967","3","2005.40125"
"BTC","1700068695","1700068697","2","36432.639792025"
"SOL","1700068660","1700068664","4","61.29780115"
"BTC","1700068598","1700068601","3","36400.58128966"
"ETH","1700068823","1700068826","3","2007.26"
"ETH","1700068632","1700068635","3","2009.01875"
"ETH","1700068808","1700068812","4","2007.582456595"
"ETH","1700068965","1700068969","4","2005.402355823"
"ETH","1700068381","1700068383","2","2007.80420463"
"ETH","1700068958","1700068966","8","2005.63583558"
"SOL","1700069071","1700069077","6","61.01430201"
"SOL","1700068626","1700068630","4","61.375"
"SOL","1700068837","1700068843","6","61.25"
"ETH","1700069119","1700069123","4","2007.6626275"
"SOL","1700069029","1700069034","5","61.05540469"
"SOL","1700068443","1700068447","4","61.25482615"
"SOL","1700068645","1700068652","7","61.40172591"
"SOL","1700068794","1700068796","2","61.15959733"
"SOL","1700068604","1700068608","4","61.23895813"
"ETH","1700068965","1700068969","4","2005.402355823"
"SOL","1700069021","1700069029","8","61.08771451"
"SOL","1700068980","1700068984","4","61.04580651"
"BTC","1700068711","1700068716","5","36418.642781405"
"ETH","1700069103","1700069148","45","2006.84924344"
"SOL","1700069138","1700069140","2","61.0776127"
"SOL","1700068633","1700068636","3","61.39495446"
"BTC","1700068979","1700068983","4","36347.6668174"
"ETH","1700068610","1700068612","2","2009.34146909"
"ETH","1700068804","1700068808","4","2007"
"ETH","1700068769","1700068773","4","2005.625307555"
"ETH","1700068882","1700068887","5","2005.699049905"
"SOL","1700068958","1700068963","5","61.06413753"
"SOL","1700068872","1700068878","6","61.102724315"
"BTC","1700068964","1700068971","7","36351.61565468"
"ETH","1700068996","1700068997","1","2006.10275533"
"BTC","1700069083","1700069148","65","36359.00375"
"SOL","1700069092","1700069096","4","60.87776201"
"BTC","1700068578","1700068579","1","36398.56574339"
"SOL","1700068865","1700068869","4","61.20215142"
"SOL","1700069017","1700069023","6","61.104892175"
"SOL","1700068679","1700068683","4","61.26857142"
"ETH","1700069082","1700069084","2","2006.05524785"
"ETH","1700069041","1700069045","4","2007.93169172"
"ETH","1700069116","1700069120","4","2007.62304427"
"SOL","1700068904","1700068914","10","61.07961836"
"ETH","1700069019","1700069028","9","2007.29162854"
"ETH","1700068816","1700068819","3","2007.741923076"
"BTC","1700068966","1700068972","6","36347.034435935"
"BTC","1700069060","1700069069","9","36384.797885875"
"BTC","1700069081","1700069084","3","36356.985640236"
"SOL","1700068927","1700068932","5","61.10374995"
"BTC","1700068736","1700068740","4","36417.491245196"
"BTC","1700068419","1700068424","5","36372.9162094"
"BTC","1700068487","1700068494","7","36385.46741719"
"BTC","1700068672","1700068679","7","36420.891211245"
"SOL","1700069062","1700069069","7","61.04509647"
"BTC","1700068882","1700068887","5","36343.404588669"
"SOL","1700068776","1700068779","3","61.19135819"
"SOL","1700068948","1700068954","6","61.07125167"
"BTC","1700068657","1700068663","6","36417.518114165"
"BTC","1700068927","1700068932","5","36331.27"
"BTC","1700068511","1700068517","6","36392.188333333"
"ETH","1700068747","1700068753","6","2007.27917184"
"SOL","1700069140","1700069148","8","61.09101989"
"BTC","1700068659","1700068663","4","36417.348"
"SOL","1700068861","1700068864","3","61.19939387"
"ETH","1700068813","1700068816","3","2008.01875"
"ETH","1700069021","1700069026","5","2007.316029225"
"ETH","1700068770","1700068771","1","2005.69774548"
"SOL","1700068579","1700068582","3","61.15255691"
"ETH","1700068787","1700068791","4","2006.115"
"SOL","1700068700","1700068710","10","61.3957375"
"BTC","1700068679","1700068683","4","36420.113998765"
"ETH","1700069028","1700069034","6","2007.449179065"
"ETH","1700068457","1700068461","4","2009.08"
"BTC","1700068686","1700068688","2","36426.01335651"
"SOL","1700068835","1700068838","3","61.24399999"
"SOL","1700068599","1700068601","2","61.19548743"
"ETH","1700068964","1700068969","5","2005.40125"
"ETH","1700068391","1700068392","1","2008.686194825"
"SOL","1700069009","1700069017","8","61.02727953"
"ETH","1700069131","1700069137","6","2007.727342925"
"SOL","1700068894","1700068898","4","61.05772887"
"BTC","1700068864","1700068868","4","36396.919148185"
"ETH","1700069096","1700069148","52","2006.53800675"
"SOL","1700068686","1700068688","2","61.345"
"BTC","1700068710","1700068712","2","36424.143970545"
"ETH","1700068820","1700068826","6","2007.285"
"BTC","1700069014","1700069019","5","36381.891327835"
"ETH","1700068969","1700068972","3","2005.42656929"
"SOL","1700068635","1700068637","2","61.40440159"
"SOL","1700069132","1700069137","5","61.05317475"
"BTC","1700068558","1700068563","5","36398.3979174"
"BTC","1700069133","1700069137","4","36380.339583333"
"BTC","1700069136","1700069138","2","36382.1134375"
"ETH","1700069161","1700069166","5","2008.836191791"
"BTC","1700068665","1700068669","4","36417.62216761"
"ETH","1700068760","1700068762","2","2005.56"
"BTC","1700068821","1700068826","5","36399.16"
"SOL","1700068911","1700068914","3","61.06601278"
"ETH","1700069027","1700069084","57","2007.45839078"
"ETH","1700068795","1700068796","1","2006.64588058"
"BTC","1700068600","1700068601","1","36388.72451146"
"SOL","1700068642","1700068649","7","61.41280955"
"SOL","1700068964","1700068970","6","61.074267545"
"SOL","1700068724","1700068726","2","61.33325808"
"BTC","1700069112","1700069114","2","36373.512857142"
"ETH","1700069156","1700069157","1","2008.871791"
"ETH","1700068735","1700068739","4","2007.87350631"
"SOL","1700068644","1700068649","5","61.4075"
"BTC","1700068670","1700068679","9","36419.725272803"
"SOL","1700068965","1700068969","4","61.07098547"
"SOL","1700069009","1700069016","7","61.02727953"
"SOL","1700068542","1700068544","2","61.285265705"
"SOL","1700069068","1700069072","4","61.00376654"
"BTC","1700068686","1700068688","2","36426.01335651"
"SOL","1700069025","1700069082","57","61.047565125"
"ETH","1700068457","1700068461","4","2009.08"
"ETH","1700069137","1700069139","2","2007.82414558"
"SOL","1700068918","1700068920","2","61.0615525"
"ETH","1700068930","1700068932","2","2006.3"
"BTC","1700069070","1700069072","2","36357.444814775"
"SOL","1700068398","1700068400","2","61.29330443"
"BTC","1700068579","1700068582","3","36400.1125"
"ETH","1700068715","1700068717","2","2008.51999999"
"ETH","1700069128","1700069130","2","2007.90249999"
"SOL","1700068780","1700068785","5","61.20059479"
"ETH","1700068614","1700068618","4","2009.67780683"
"ETH","1700068485","1700068487","2","2008.58"
"ETH","1700068560","1700068563","3","2008.34567231"
"SOL","1700069066","1700069072","6","61.00371319"
"SOL","1700068795","1700068796","1","61.15877633"
"ETH","1700068979","1700068982","3","2005.38684158"
"BTC","1700068918","1700068920","2","36328.04205389"
"ETH","1700068912","1700068914","2","2005.66369956"
"BTC","1700068579","1700068582","3","36400.1125"
"ETH","1700068830","1700068835","5","2007.742612495"
"BTC","1700069055","1700069057","2","36389.3075"
"SOL","1700068879","1700068884","5","61.1107756"
"ETH","1700068946","1700068954","8","2006.162796904"
"SOL","1700069083","1700069148","65","60.97457779"
"SOL","1700068962","1700068967","5","61.072283945"
"BTC","1700069129","1700069132","3","36381.74849197"
"SOL","1700069143","1700069150","7","61.110351358"
"ETH","1700068998","1700068999","1","2005.845"
"ETH","1700068638","1700068641","3","2009.14409464"
"BTC","1700068817","1700068826","9","36391.16125819"
"SOL","1700068951","1700068954","3","61.08"
"ETH","1700068714","1700068716","2","2008.38243184"
"SOL","1700068878","1700068880","2","61.09938953"
"BTC","1700069009","1700069019","10","36365.880655305"
"BTC","1700068935","1700068937","2","36334.125"
"ETH","1700068761","1700068763","2","2005.495453705"
"BTC","1700069043","1700069084","41","36391.691730769"
"BTC","1700068465","1700068467","2","36394.008285985"
"SOL","1700068878","1700068880","2","61.09938953"
"SOL","1700068890","1700068893","3","61.05462128"
"BTC","1700068461","1700068464","3","36393.52"
"SOL","1700068768","1700068770","2","61.2484525"
"ETH","1700068787","1700068789","2","2006.115"
"ETH","1700068626","1700068629","3","2009.12159102"
"ETH","1700068944","1700068948","4","2006.085097432"
"BTC","1700069051","1700069084","33","36383.45221789"
"BTC","1700068997","1700068999","2","36360.118666253"
"BTC","1700068625","1700068630","5","36414.233636195"
"BTC","1700068885","1700068891","6","36336.170984727"
"BTC","1700068614","1700068617","3","36400.965"
"BTC","1700069095","1700069099","4","36366.279630705"
"BTC","1700068976","1700068983","7","36347.74742843"
"BTC","1700068951","1700068954","3","36353.401913477"
"SOL","1700068921","1700068927","6","61.06274291"
"BTC","1700068674","1700068679","5","36421.44173493"
"SOL","1700068955","1700068958","3","61.0629557"
"ETH","1700068632","1700068636","4","2009.01875"
"ETH","1700068816","1700068826","10","2007.741923076"
"ETH","1700068698","1700068700","2","2009.533562405"
"SOL","1700068774","1700068778","4","61.19636816"
"BTC","1700069130","1700069148","18","36381.3745"
"BTC","1700068714","1700068716","2","36416.287760135"
"BTC","1700069040","1700069082","42","36390.701071428"
"SOL","1700068652","1700068655","3","61.30385777"
"ETH","1700068902","1700068907","5","2005.465"
"SOL","1700068662","1700068664","2","61.29882847"
"BTC","1700068732","1700068739","7","36418.867495115"
"SOL","1700068755","1700068761","6","61.2710725"
"BTC","1700068641","1700068649","8","36421.42984398"
"ETH","1700068821","1700068826","5","2007.285"
"BTC","1700068964","1700068968","4","36351.61565468"
"ETH","1700068690","1700068694","4","2009.21266227"
"SOL","1700068993","1700068996","3","61.04542928"
"ETH","1700069036","1700069081","45","2007.65731904"
"ETH","1700068813","1700068816","3","2008.01875"
"SOL","1700068608","1700068612","4","61.27751499"
"SOL","1700068673","1700068679","6","61.30236941"
"BTC","1700068687","1700068689","2","36427.55398644"
"BTC","1700068735","1700068739","4","36416.311495115"
"BTC","1700068813","1700068816","3","36396.60812965"
"SOL","1700068601","1700068602","1","61.1971955"
"BTC","1700068800","1700068801","1","36393.89855133"
"SOL","1700068864","1700068869","5","61.20343667"
"ETH","1700068958","1700068964","6","2005.63583558"
"ETH","1700068774","1700068776","2","2005.988576918"
"SOL","1700068775","1700068777","2","61.18925"
"BTC","1700068783","1700068787","4","36390.51730109"
"BTC","1700068686","1700068688","2","36426.01335651"
"BTC","1700068847","1700068849","2","36412.210904305"
"SOL","1700068958","1700068966","8","61.06413753"
"ETH","1700069128","1700069130","2","2007.90249999"
"ETH","1700069034","1700069038","4","2007.6499636"
"ETH","1700069057","1700069063","6","2007.76781219"
"ETH","1700068699","1700068700","1","2009.38998756"
"SOL","1700069047","1700069051","4","61.08998778"
"ETH","1700068641","1700068645","4","2009.08138416"
"SOL","1700068983","1700068985","2","61.04255583"
"ETH","1700068821","1700068826","5","2007.285"
"BTC","1700068916","1700068920","4","36328.252819205"
"BTC","1700068772","1700068778","6","36393.983082846"
"ETH","1700068440","1700068442","2","2008.777604595"
"ETH","1700068905","1700068914","9","2005.459073058"
"SOL","1700069146","1700069148","2","61.103524535"
"BTC","1700068537","1700068538","1","36391.56780117"
"SOL","1700068636","1700068641","5","61.41562136"
"ETH","1700068775","1700068777","2","2005.9301705"
"ETH","1700068783","1700068787","4","2006.0525"
"SOL","1700068928","1700068932","4","61.0960672"
"ETH","1700068627","1700068629","2","2009.10128343"
"SOL","1700068959","1700068966","7","61.06093944"
"ETH","1700068702","1700068706","4","2009.17398093"
"ETH","1700068458","1700068461","3","2009.07708136"
"ETH","1700068666","1700068671","5","2009.021937277"
"ETH","1700068939","1700068944","5","2005.925384615"
"ETH","1700068940","1700068944","4","2005.98"
"ETH","1700068769","1700068771","2","2005.625307555"
"SOL","1700069089","1700069091","2","60.92538999"
"ETH","1700068863","1700068868","5","2007.7925"
"BTC","1700068598","1700068601","3","36400.58128966"
"SOL","1700068648","1700068652","4","61.35132415"
"BTC","1700068768","1700068771","3","36388.940639125"
"ETH","1700068969","1700068972","3","2005.42656929"
"SOL","1700068975","1700068977","2","61.0408569"
"SOL","1700069015","1700069019","4","61.10375673"
"SOL","1700068910","1700068915","5","61.0686647"
"BTC","1700068387","1700068389","2","36368.09758908"
"ETH","1700068671","1700068679","8","2009.018237825"
"ETH","1700068961","1700068963","2","2005.405"
"SOL","1700068959","1700068966","7","61.06093944"
"SOL","1700068996","1700068997","1","61.029472155"
"BTC","1700068907","1700068911","4","36323.58881205"
"SOL","1700068635","1700068637","2","61.40440159"
"SOL","1700068821","1700068826","5","61.23134556"
"ETH","1700068805","1700068808","3","2007.1659978"
"ETH","1700069151","1700069156","5","2008.5603625"
"BTC","1700068502","1700068508","6","36385.474365995"
"ETH","1700068539","1700068542","3","2008.79814203"
"BTC","1700068893","1700068899","6","36331.818189372"
"BTC","1700068518","1700068520","2","36396.86562451"
"BTC","1700068627","1700068629","2","36414.949367335"
"ETH","1700068917","1700068920","3","2005.450695606"
"BTC","1700069156","1700069157","1","36398.11025475"
"BTC","1700068735","1700068740","5","36416.311495115"
"SOL","1700068874","1700068878","4","61.101625"
"ETH","1700069101","1700069104","3","2006.592195125"
"SOL","1700068899","1700068901","2","61.08141605"
"BTC","1700068503","1700068507","4","36387.368209941"
"SOL","1700068689","1700068691","2","61.36552011"
"ETH","1700068769","1700068773","4","2005.625307555"
"ETH","1700068894","1700068899","5","2005.55820653"
"ETH","1700068614","1700068620","6","2009.67780683"
"BTC","1700068925","1700068927","2","36325.5878918"
"BTC","1700068842","1700068845","3","36414.23254556"
"BTC","1700068904","1700068911","7","36325.007034895"
"ETH","1700069083","1700069148","65","2006.15162819"
"BTC","1700068607","1700068608","1","36402.27494254"
"BTC","1700069165","1700069167","2","36400.45605822"
"BTC","1700068508","1700068511","3","36394.30548125"
"BTC","1700068462","1700068465","3","36393.71112534"
"BTC","1700068750","1700068754","4","36399.687098161"
"BTC","1700068715","1700068718","3","36417.57875"
"ETH","1700068620","1700068623","3","2009.089279166"
"BTC","1700068982","1700068984","2","36350.382541437"
"SOL","1700068917","1700068920","3","61.06315077"
"ETH","1700068862","1700068863","1","2007.745160853"
"SOL","1700068839","1700068844","5","61.25280876"
"SOL","1700069041","1700069043","2","61.02273071"
"ETH","1700068506","1700068511","5","2008.866323075"
"SOL","1700068566","1700068567","1","61.17020302"
"SOL","1700068667","1700068673","6","61.266558335"
"BTC","1700068642","1700068651","9","36420.27450569"
"SOL","1700068695","1700068697","2","61.3950834"
"ETH","1700068926","1700068927","1","2005.57021003"
"SOL","1700069119","1700069123","4","61.068685445"
"BTC","1700068677","1700068683","6","36421.08370253"
"SOL","1700068599","1700068601","2","61.19548743"
"ETH","1700069028","1700069034","6","2007.449179065"
"BTC","1700068727","1700068730","3","36418.97217986"
"BTC","1700068935","1700068937","2","36334.125"
"SOL","1700069124","1700069130","6","61.048615515"
"ETH","1700069046","1700069048","2","2008.057962915"
"ETH","1700069127","1700069130","3","2007.75375"
"SOL","1700068719","1700068725","6","61.32633708"
"BTC","1700068726","1700068732","6","36418.87707853"
"BTC","1700068632","1700068634","2","36416.18231726"
"ETH","1700069021","1700069028","7","2007.316029225"
"ETH","1700068996","1700068997","1","2006.10275533"
"ETH","1700068813","1700068816","3","2008.01875"
"ETH","1700068988","1700068990","2","2005.738347225"
"BTC","1700069003","1700069009","6","36365.553648485"
"SOL","1700068662","1700068663","1","61.29311"
"BTC","1700068882","1700068887","5","36343.404588669"
"BTC","1700068994","1700068996","2","36354.7525"
"BTC","1700069156","1700069157","1","36398.11025475"
"SOL","1700068927","1700068932","5","61.10374995"
"SOL","1700068842","1700068844","2","61.2509796"
"ETH","1700068677","1700068680","3","2009.09379094"
"SOL","1700068687","1700068689","2","61.359400655"
"SOL","1700068794","1700068796","2","61.15959733"
"ETH","1700068819","1700068826","7","2007.34"
"SOL","1700068599","1700068601","2","61.19548743"
"BTC","1700068828","1700068829","1","36405.299303175"
"BTC","1700069082","1700069084","2","36354"
"ETH","1700068696","1700068698","2","2009.635"
"BTC","1700068769","1700068771","2","36387.880691231"
"ETH","1700069138","1700069140","2","2007.94559389"
"BTC","1700069085","1700069091","6","36354.72967916"
"SOL","1700069017","1700069023","6","61.104892175"
"BTC","1700068883","1700068889","6","36336.823611111"
"BTC","1700068656","1700068661","5","36406.545"
"BTC","1700068984","1700068988","4","36354.05741027"
"SOL","1700068632","1700068633","1","61.40240964"
"ETH","1700068390","1700068391","1","2008.758695125"
"SOL","1700068632","1700068634","2","61.40240964"
"BTC","1700068895","1700068900","5","36325.620990478"
"SOL","1700068938","1700068944","6","61.079019"
"SOL","1700068780","1700068782","2","61.20059479"
"ETH","1700068945","1700068947","2","2006.20041554"
"BTC","1700068651","1700068655","4","36415.897164353"
"SOL","1700069017","1700069021","4","61.104892175"
"SOL","1700068787","1700068789","2","61.187477495"
"BTC","1700068672","1700068679","7","36420.891211245"
"ETH","1700068822","1700068826","4","2007.265"
"SOL","1700068905","1700068911","6","61.07358052"
"ETH","1700069065","1700069072","7","2006.72477617"
"ETH","1700068488","1700068494","6","2008.763333333"
"SOL","1700068730","1700068735","5","61.327048523"
"BTC","1700068789","1700068793","4","36381.86002"
"SOL","1700068930","1700068932","2","61.08660546"
"ETH","1700068830","1700068832","2","2007.742612495"
"SOL","1700069057","1700069063","6","61.105"
"BTC","1700068662","1700068664","2","36406.34417804"
"ETH","1700068913","1700068918","5","2005.57030692"
"BTC","1700069047","1700069051","4","36385.798297742"
"SOL","1700068688","1700068691","3","61.35856603"
"ETH","1700068899","1700068901","2","2005.47418095"
"SOL","1700068917","1700068920","3","61.06315077"
"BTC","1700068634","1700068636","2","36415.005"
"BTC","1700068753","1700068758","5","36397.12496287"
"ETH","1700068907","1700068911","4","2005.488568272"
"SOL","1700069077","1700069081","4","60.9965337"
"BTC","1700068867","1700068868","1","36384.566144972"
"BTC","1700068699","1700068700","1","36430.433805713"
"ETH","1700068864","1700068869","5","2007.7925"
"SOL","1700068937","1700068944","7","61.075406775"
"SOL","1700069063","1700069065","2","61.026377385"
"BTC","1700069077","1700069081","4","36355.0925"
"SOL","1700069143","1700069148","5","61.110351358"
"BTC","1700069049","1700069056","7","36383.91"
"SOL","1700068923","1700068927","4","61.091265903"
"BTC","1700069060","1700069065","5","36384.797885875"
"SOL","1700068932","1700068937","5","61.089037345"
"ETH","1700068687","1700068689","2","2009.150504071"
"BTC","1700069099","1700069101","2","36370.18275"
"SOL","1700068789","1700068794","5","61.152840705"
"BTC","1700068772","1700068776","4","36393.983082846"
"SOL","1700068843","1700068847","4","61.2475"
"SOL","1700068898","1700068901","3","61.084832581"
"BTC","1700069014","1700069019","5","36381.891327835"
"BTC","1700068908","1700068914","6","36326.175517241"
"BTC","1700069111","1700069114","3","36373.95"
"SOL","1700068830","1700068835","5","61.23798286"
"SOL","1700068601","1700068602","1","61.1971955"
"ETH","1700069133","1700069137","4","2007.71539558"
"BTC","1700068783","1700068789","6","36390.51730109"
"SOL","1700068674","1700068679","5","61.30140229"
"SOL","1700068658","1700068664","6","61.29752583"
"SOL","1700069151","1700069153","2","61.11291246"
"ETH","1700068722","1700068725","3","2008.29"
"BTC","1700069149","1700069153","4","36390.47033394"
"ETH","1700069051","1700069084","33","2007.65709635"
"ETH","1700068959","1700068964","5","2005.379349365"
"BTC","1700068609","1700068612","3","36403.664211563"
"ETH","1700068703","1700068706","3","2009.235"
"SOL","1700068768","1700068773","5","61.2484525"
"SOL","1700068726","1700068735","9","61.31389187"
"SOL","1700068810","1700068813","3","61.20235"
"SOL","1700068692","1700068694","2","61.36352434"
"SOL","1700068782","1700068789","7","61.18009596"
"BTC","1700068614","1700068617","3","36400.965"
"ETH","1700068947","1700068954","7","2006.267142857"
"ETH","1700068608","1700068612","4","2008.88379958"
"ETH","1700068636","1700068641","5","2009.07633075"
"ETH","1700069040","1700069084","44","2007.95327386"
"SOL","1700069112","1700069114","2","60.99006531"
"BTC","1700069137","1700069139","2","36383.810227812"
"ETH","1700068787","1700068791","4","2006.115"
"ETH","1700068530","1700068534","4","2008.02"
"SOL","1700068826","1700068828","2","61.24155686"
"ETH","1700068920","1700068927","7","2005.485862645"
"BTC","1700068484","1700068488","4","36394.331224395"
"SOL","1700068567","1700068572","5","61.156876745"
"SOL","1700068995","1700068997","2","61.03593668"
"SOL","1700068861","1700068864","3","61.19939387"
"ETH","1700069101","1700069104","3","2006.592195125"
"BTC","1700068457","1700068461","4","36394.1675"
"ETH","1700068438","1700068439","1","2009.08"
"BTC","1700068852","1700068857","5","36398.0223099"
"SOL","1700068611","1700068614","3","61.2857932"
"SOL","1700068422","1700068427","5","61.295663665"
"BTC","1700068739","1700068743","4","36408.07619478"
"ETH","1700068873","1700068878","5","2006.117916666"
"SOL","1700069111","1700069114","3","60.990438445"
"ETH","1700068424","1700068427","3","2008.65246736"
"BTC","1700068976","1700068982","6","36347.74742843"
"ETH","1700068393","1700068398","5","2008.57913855"
"SOL","1700068706","1700068713","7","61.37128252"
"ETH","1700068708","1700068711","3","2009.13138992"
"ETH","1700068991","1700068996","5","2005.79680431"
"BTC","1700069055","1700069057","2","36389.3075"
"BTC","1700068684","1700068686","2","36425.389362965"
"ETH","1700068919","1700068920","1","2005.46152894"
"ETH","1700069116","1700069119","3","2007.62304427"
"BTC","1700069165","1700069168","3","36400.45605822"
"ETH","1700068457","1700068461","4","2009.08"
"SOL","1700068764","1700068766","2","61.2507029"
"BTC","1700068764","1700068766","2","36387.61885464"
"BTC","1700068837","1700068841","4","36414.548194765"
"ETH","1700068745","1700068751","6","2007.863063795"
"BTC","1700068866","1700068868","2","36389.087692307"
"ETH","1700068919","1700068920","1","2005.46152894"
"ETH","1700068632","1700068636","4","2009.01875"
"SOL","1700068761","1700068763","2","61.25102319"
"BTC","1700068601","1700068602","1","36400.61930659"
"SOL","1700068701","1700068706","5","61.389354838"
"SOL","1700068780","1700068781","1","61.20059479"
"ETH","1700068798","1700068802","4","2006.8725"
"BTC","1700068879","1700068888","9","36350.8715437"
"ETH","1700068968","1700068972","4","2005.35365667"
"ETH","1700069005","1700069008","3","2005.98469873"
"ETH","1700068900","1700068901","1","2005.58170322"
"ETH","1700069028","1700069034","6","2007.449179065"
"BTC","1700069116","1700069119","3","36382.34786471"
"SOL","1700068654","1700068657","3","61.28978531"
"BTC","1700068647","1700068651","4","36417.227636095"
"BTC","1700068743","1700068753","10","36417.241921705"
"BTC","1700068387","1700068390","3","36368.09758908"
"BTC","1700068632","1700068636","4","36416.18231726"
"SOL","1700068698","1700068700","2","61.394725"
"BTC","1700068669","1700068679","10","36421.33637653"
"SOL","1700068450","1700068451","1","61.29670688"
"ETH","1700068805","1700068808","3","2007.1659978"
"SOL","1700068597","1700068601","4","61.1925"
"ETH","1700068775","1700068779","4","2005.9301705"
"ETH","1700068831","1700068835","4","2007.990416666"
"BTC","1700069137","1700069139","2","36383.810227812"
"SOL","1700068751","1700068753","2","61.28103822"
"BTC","1700069085","1700069091","6","36354.72967916"
"SOL","1700068615","1700068617","2","61.3417924"
"SOL","1700069148","1700069156","8","61.0962935"
"BTC","1700068498","1700068501","3","36382.04587604"
"SOL","1700069115","1700069121","6","61.00902802"
"BTC","1700069099","1700069102","3","36370.18275"
"SOL","1700069161","1700069164","3","61.234428855"
"SOL","1700068687","1700068689","2","61.359400655"
"SOL","1700068796","1700068799","3","61.16067602"
"ETH","1700068770","1700068772","2","2005.69774548"
"SOL","1700068944","1700068954","10","61.054877895"
"SOL","1700068657","1700068663","6","61.29389365"
"BTC","1700068423","1700068427","4","36373.558696845"
"SOL","1700068805","1700068808","3","61.185450795"
"SOL","1700068466","1700068468","2","61.3022219"
"BTC","1700069117","1700069122","5","36384.832997916"
"BTC","1700069025","1700069081","56","36378.09562794"
"SOL","1700068740","1700068743","3","61.296565605"
"ETH","1700068736","1700068739","3","2007.91367293"
"BTC","1700068830","1700068832","2","36406.25163446"
"ETH","1700068898","1700068901","3","2005.52209874"
"ETH","1700068625","1700068630","5","2009.13678159"
"SOL","1700068712","1700068716","4","61.32693707"
"BTC","1700068912","1700068914","2","36327.217951358"
"BTC","1700069116","1700069122","6","36382.34786471"
"BTC","1700069019","1700069027","8","36376.51165609"
"SOL","1700069083","1700069148","65","60.97457779"
"SOL","1700068955","1700068961","6","61.0629557"
"SOL","1700069117","1700069120","3","61.0827302"
"SOL","1700068848","1700068849","1","61.24333793"
"BTC","1700068944","1700068949","5","36333.0075"
"SOL","1700068788","1700068789","1","61.177263055"
"SOL","1700068535","1700068537","2","61.27150466"
"SOL","1700069035","1700069040","5","61.034130361"
"ETH","1700068814","1700068817","3","2008.021184226"
"ETH","1700068996","1700068997","1","2006.10275533"
"BTC","1700069067","1700069072","5","36360.901760985"
"ETH","1700068874","1700068879","5","2006.076573015"
"SOL","1700068547","1700068549","2","61.26778493"
"BTC","1700068928","1700068932","4","36327"
"ETH","1700068441","1700068443","2","2008.89690922"
"ETH","1700069057","1700069064","7","2007.76781219"
"ETH","1700068608","1700068612","4","2008.88379958"
"SOL","1700069108","1700069112","4","60.9680165"
"SOL","1700068704","1700068706","2","61.36480815"
"SOL","1700069049","1700069056","7","61.0856125"
"BTC","1700068626","1700068630","4","36415.550355586"
"BTC","1700068393","1700068398","5","36376.89205253"
"ETH","1700069081","1700069084","3","2006.062152155"
"BTC","1700068402","1700068404","2","36382.13862308"
"BTC","1700069162","1700069169","7","36398.474601995"
"BTC","1700068770","1700068771","1","36388.565460565"
"ETH","1700068666","1700068679","13","2009.021937277"
"BTC","1700068936","1700068940","4","36334.125"
"ETH","1700068663","1700068665","2","2009"
"ETH","1700068502","1700068505","3","2008.642078505"
"BTC","1700068906","1700068911","5","36323.045242863"
"BTC","1700068940","1700068944","4","36337.31666814"
"BTC","1700069034","1700069038","4","36388.718645145"
"ETH","1700068751","1700068753","2","2006.43974464"
"BTC","1700068963","1700068968","5","36349.20598739"
"BTC","1700069083","1700069148","65","36359.00375"
"SOL","1700068694","1700068695","1","61.37481423"
"ETH","1700068579","1700068584","5","2008.37941186"
"BTC","1700068515","1700068518","3","36383.46"
"SOL","1700068892","1700068894","2","61.036934585"
"BTC","1700068638","1700068641","3","36404.50225488"
"BTC","1700068827","1700068829","2","36404.596947841"
"SOL","1700068874","1700068880","6","61.101625"
"BTC","1700069043","1700069084","41","36391.691730769"
"ETH","1700068399","1700068402","3","2008.79"
"BTC","1700068865","1700068869","4","36394.873071272"
"BTC","1700068935","1700068937","2","36334.125"
"SOL","1700068599","1700068601","2","61.19548743"
"ETH","1700069122","1700069127","5","2007.75875"
"ETH","1700069055","1700069057","2","2007.74827405"
"SOL","1700069056","1700069060","4","61.10278827"
"SOL","1700068636","1700068641","5","61.41562136"
"SOL","1700068709","1700068711","2","61.38386075"
"ETH","1700068647","1700068649","2","2008.621666666"
"BTC","1700069062","1700069070","8","36380.04"
"BTC","1700068834","1700068838","4","36412.692859343"
"BTC","1700068620","1700068623","3","36411.766357505"
"ETH","1700069009","1700069013","4","2006.093786"
"BTC","1700068757","1700068760","3","36390.3375"
"SOL","1700068813","1700068815","2","61.23305829"
"SOL","1700068954","1700068959","5","61.061117875"
"BTC","1700068475","1700068477","2","36391.981973312"
"ETH","1700068600","1700068601","1","2008.72566943"
"ETH","1700068408","1700068410","2","2009.61673037"
"ETH","1700068886","1700068893","7","2005.721532165"
"BTC","1700068450","1700068451","1","36388.473364387"
"BTC","1700068670","1700068680","10","36419.725272803"
"BTC","1700068815","1700068817","2","36402.454436955"
"SOL","1700068680","1700068686","6","61.277694175"
"BTC","1700069034","1700069038","4","36388.718645145"
"ETH","1700068537","1700068542","5","2008.69575063"
"ETH","1700069098","1700069103","5","2006.621356"
"SOL","1700068847","1700068849","2","61.240511595"
"SOL","1700068932","1700068937","5","61.089037345"
"SOL","1700068707","1700068712","5","61.38023627"
"SOL","1700068947","1700068954","7","61.06164745"
"SOL","1700068897","1700068902","5","61.088165915"
"ETH","1700069076","1700069077","1","2005.794017155"
"SOL","1700068971","1700068972","1","61.06406404"
"ETH","1700068789","1700068794","5","2006.212961215"
"BTC","1700068433","1700068435","2","36389.12092"
"ETH","1700068428","1700068433","5","2008.806362696"
"BTC","1700068670","1700068679","9","36419.725272803"
"ETH","1700069065","1700069072","7","2006.72477617"
"BTC","1700068776","1700068779","3","36394.271808395"
"SOL","1700068671","1700068679","8","61.289690105"
"BTC","1700068797","1700068802","5","36383"
"ETH","1700069015","1700069019","4","2007.1525"
"SOL","1700069077","1700069081","4","60.9965337"
"ETH","1700069077","1700069081","4","2005.866873756"
"ETH","1700068698","1700068700","2","2009.533562405"
"SOL","1700068719","1700068722","3","61.32633708"
"SOL","1700068714","1700068716","2","61.329685465"
"SOL","1700069148","1700069153","5","61.0962935"
"BTC","1700069048","1700069056","8","36384.766545225"
"ETH","1700068640","1700068644","4","2009.12369215"
"SOL","1700069072","1700069077","5","60.99593253"
"SOL","1700069124","1700069130","6","61.048615515"
"ETH","1700068918","1700068920","2","2005.455"
"BTC","1700069106","1700069108","2","36374.535"
"SOL","1700068641","1700068650","9","61.40981774"
"SOL","1700068679","1700068683","4","61.26857142"
"BTC","1700068608","1700068612","4","36404.102489"
"BTC","1700068736","1700068740","4","36417.491245196"
"ETH","1700068804","1700068808","4","2007"
"SOL","1700068809","1700068813","4","61.20154035"
"ETH","1700068977","1700068982","5","2005.43"
"SOL","1700068904","1700068914","10","61.07961836"
"SOL","1700068731","1700068738","7","61.310629775"
"ETH","1700068817","1700068826","9","2007.52615715"
"SOL","1700068564","1700068565","1","61.180284065"
"SOL","1700068766","1700068768","2","61.25183925"
"SOL","1700068631","1700068633","2","61.40985361"
"BTC","1700068700","1700068707","7","36428.519819021"
"BTC","1700069006","1700069009","3","36363.09"
"BTC","1700068662","1700068664","2","36406.34417804"
"SOL","1700069062","1700069063","1","61.04509647"
"ETH","1700068829","1700068831","2","2007.714698155"
"ETH","1700068601","1700068602","1","2008.786646525"
"SOL","1700068782","1700068789","7","61.18009596"
"SOL","1700068718","1700068719","1","61.31655407"
"BTC","1700068822","1700068826","4","36398.805967835"
"BTC","1700068640","1700068644","4","36420.431795765"
"ETH","1700068917","1700068920","3","2005.450695606"
"BTC","1700068966","1700068971","5","36347.034435935"
"BTC","1700069074","1700069077","3","36355.28483958"
"BTC","1700069150","1700069153","3","36394.320895535"
"SOL","1700068828","1700068829","1","61.23659297"
"SOL","1700068804","1700068808","4","61.16345115"
"SOL","1700068849","1700068850","1","61.229057565"
"ETH","1700068826","1700068829","3","2007.48625"
"SOL","1700068890","1700068893","3","61.05462128"
"SOL","1700069118","1700069123","5","61.07888538"
"SOL","1700068387","1700068390","3","61.29362552"
"BTC","1700068680","1700068686","6","36420.222665431"
"ETH","1700068864","1700068868","4","2007.7925"
"ETH","1700068809","1700068813","4","2007.65600687"
"BTC","1700068645","1700068651","6","36420.801235165"
"SOL","1700068980","1700068984","4","61.04580651"
"ETH","1700069021","1700069026","5","2007.316029225"
"ETH","1700068558","1700068563","5","2008.25426879"
"SOL","1700068954","1700068959","5","61.061117875"
"ETH","1700069070","1700069072","2","2006.11382509"
"SOL","1700068614","1700068618","4","61.325767465"
"SOL","1700068676","1700068680","4","61.260689556"
"BTC","1700068852","1700068861","9","36398.0223099"
"BTC","1700068448","1700068451","3","36386.995068525"
"BTC","1700068678","1700068683","5","36419.399973748"
"ETH","1700069019","1700069031","12","2007.29162854"
"SOL","1700069133","1700069137","4","61.057903225"
"BTC","1700068789","1700068794","5","36382.06668886"
"SOL","1700068438","1700068439","1","61.28016"
"SOL","1700068774","1700068778","4","61.19636816"
"ETH","1700068960","1700068966","6","2005.3955"
"BTC","1700069098","1700069103","5","36368.684579985"
"SOL","1700069116","1700069121","5","61.09537529"
"ETH","1700068787","1700068789","2","2006.115"
"ETH","1700068555","1700068557","2","2008.123516476"
"SOL","1700068631","1700068633","2","61.40985361"
"ETH","1700068720","1700068725","5","2008.2883808"
"SOL","1700068731","1700068735","4","61.310629775"
"SOL","1700068757","1700068760","3","61.27147619"
"BTC","1700069077","1700069082","5","36355.0925"
"ETH","1700068443","1700068450","7","2008.67030339"
"SOL","1700068798","1700068802","4","61.15595238"
"BTC","1700069138","1700069140","2","36385.87812115"
"ETH","1700069084","1700069091","7","2006.1264991"
"BTC","1700069117","1700069122","5","36384.832997916"
"SOL","1700068600","1700068601","1","61.19552243"
"ETH","1700068870","1700068872","2","2006.97850017"
"BTC","1700068734","1700068743","9","36417.072495115"
"SOL","1700068935","1700068937","2","61.09122238"
"SOL","1700069083","1700069148","65","60.97457779"
"BTC","1700068905","1700068914","9","36324.10382839"
"SOL","1700068641","1700068649","8","61.40981774"
"SOL","1700068909","1700068914","5","61.061155123"
"BTC","1700069084","1700069091","7","36357.28375"
"SOL","1700069152","1700069156","4","61.13621473"
"ETH","1700069005","1700069009","4","2005.98469873"
"ETH","1700068471","1700068473","2","2008.43927013"
"BTC","1700068973","1700068977","4","36347.1627549"
"ETH","1700068392","1700068394","2","2008.67190712"
"SOL","1700069006","1700069009","3","61.02866556"
"BTC","1700069060","1700069067","7","36384.797885875"
"SOL","1700069064","1700069072","8","61.02011483"
"SOL","1700068650","1700068655","5","61.30766665"
"BTC","1700068671","1700068679","8","36421.449544578"
"SOL","1700068742","1700068743","1","61.30402609"
"BTC","1700068750","1700068754","4","36399.687098161"
"ETH","1700068775","1700068779","4","2005.9301705"
"SOL","1700069091","1700069093","2","60.86885687"
"SOL","1700068738","1700068742","4","61.292526"
"ETH","1700069059","1700069083","24","2007.75479531"
"SOL","1700068623","1700068629","6","61.364600695"
"SOL","1700068600","1700068601","1","61.19552243"
"BTC","1700068763","1700068766","3","36386.304903033"
"BTC","1700068864","1700068868","4","36396.919148185"
"BTC","1700068737","1700068740","3","36417.42707853"
"BTC","1700069052","1700069056","4","36383.974864396"
"ETH","1700068745","1700068751","6","2007.863063795"
"SOL","1700069036","1700069085","49","61.01568053"
"SOL","1700068934","1700068937","3","61.09061287"
"SOL","1700068400","1700068402","2","61.30045591"
"ETH","1700069134","1700069137","3","2007.75122602"
"SOL","1700068785","1700068788","3","61.18393121"
"ETH","1700068715","1700068717","2","2008.51999999"
"ETH","1700069083","1700069148","65","2006.15162819"
"ETH","1700069054","1700069057","3","2007.81045198"
"BTC","1700069129","1700069131","2","36381.74849197"
"BTC","1700068579","1700068581","2","36400.1125"
"SOL","1700068416","1700068418","2","61.30510653"
"ETH","1700068710","1700068714","4","2008.7075"
"ETH","1700068773","1700068778","5","2005.92505679"
"ETH","1700068633","1700068636","3","2009.045028405"
"BTC","1700068708","1700068711","3","36429.68743456"
"ETH","1700068832","1700068838","6","2008.045"
"BTC","1700068686","1700068688","2","36426.01335651"
"SOL","1700069068","1700069072","4","61.00376654"
"ETH","1700068508","1700068511","3","2008.83551"
"ETH","1700068621","1700068623","2","2009.009654385"
"SOL","1700068977","1700068982","5","61.05007297"
"ETH","1700068691","1700068694","3","2009.37700536"
"SOL","1700068967","1700068972","5","61.0695557"
"BTC","1700068643","1700068652","9","36420.92439071"
"SOL","1700068603","1700068605","2","61.243235"
"ETH","1700068652","1700068656","4","2008.795613535"
"SOL","1700068797","1700068801","4","61.15949668"
"ETH","1700068979","1700068983","4","2005.38684158"
"SOL","1700068882","1700068889","7","61.10340891"
"SOL","1700068776","1700068779","3","61.19135819"
"BTC","1700068902","1700068903","1","36323.848402556"
"BTC","1700068968","1700068972","4","36344.871770082"
"BTC","1700068652","1700068655","3","36406.58266204"
"SOL","1700068922","1700068927","5","61.076651321"
"BTC","1700069017","1700069023","6","36379.671"
"SOL","1700068707","1700068711","4","61.38023627"
"SOL","1700068755","1700068756","1","61.27034"
"BTC","1700069009","1700069013","4","36365.880655305"
"BTC","1700068796","1700068799","3","36393.511552635"
"ETH","1700068894","1700068896","2","2005.55820653"
"BTC","1700069144","1700069148","4","36391.74303542"
"SOL","1700068400","1700068402","2","61.30045591"
"ETH","1700068714","1700068716","2","2008.38243184"
"SOL","1700069005","1700069009","4","61.02103952"
"SOL","1700068935","1700068937","2","61.09122238"
"BTC","1700068804","1700068808","4","36393.7"
"ETH","1700068665","1700068669","4","2008.919081539"
"ETH","1700068817","1700068826","9","2007.52615715"
"SOL","1700068904","1700068911","7","61.07961836"
"SOL","1700068512","1700068516","4","61.27566971"
"ETH","1700068631","1700068633","2","2009.0075"
"SOL","1700068641","1700068652","11","61.40981774"
"SOL","1700068521","1700068525","4","61.29905597"
"ETH","1700068443","1700068450","7","2008.67030339"
"SOL","1700068689","1700068694","5","61.36552011"
"ETH","1700068890","1700068893","3","2005.8569306"
"BTC","1700068945","1700068947","2","36336.910129058"
"SOL","1700068951","1700068954","3","61.08"
"SOL","1700069052","1700069056","4","61.10586327"
"SOL","1700068621","1700068623","2","61.3314928"
"BTC","1700068908","1700068913","5","36326.175517241"
"ETH","1700069148","1700069153","5","2008.338987465"
"SOL","1700068763","1700068766","3","61.25299999"
"ETH","1700068994","1700068996","2","2005.985"
"BTC","1700068843","1700068845","2","36413.408184275"
"SOL","1700068416","1700068418","2","61.30510653"
"BTC","1700068757","1700068761","4","36390.3375"
"BTC","1700068964","1700068969","5","36351.61565468"
"BTC","1700068840","1700068845","5","36414.17287118"
"ETH","1700068831","1700068835","4","2007.990416666"
"BTC","1700069009","1700069013","4","36365.880655305"
"BTC","1700069139","1700069146","7","36387.818917366"
"BTC","1700068834","1700068838","4","36412.692859343"
"ETH","1700068564","1700068565","1","2008.52966557"
"SOL","1700068381","1700068384","3","61.231337525"
"BTC","1700068615","1700068618","3","36414.65115021"
"BTC","1700068979","1700068984","5","36347.6668174"
"SOL","1700068631","1700068633","2","61.40985361"
"ETH","1700069031","1700069035","4","2007.633749995"
"BTC","1700069049","1700069056","7","36383.91"
"SOL","1700069149","1700069156","7","61.104591"
"BTC","1700068384","1700068386","2","36373.941168816"
"BTC","1700069103","1700069148","45","36373.371998865"
"SOL","1700069143","1700069148","5","61.110351358"
"SOL","1700069106","1700069108","2","60.95505071"
"SOL","1700068497","1700068498","1","61.20044132"
"SOL","1700069145","1700069150","5","61.1068472"
"ETH","1700068843","1700068845","2","2008.33263979"
"BTC","1700068657","1700068663","6","36417.518114165"
"ETH","1700069111","1700069114","3","2007.035684715"
"ETH","1700068726","1700068735","9","2008.19"
"SOL","1700068717","1700068719","2","61.32060874"
"ETH","1700069161","1700069166","5","2008.836191791"
"SOL","1700068718","1700068720","2","61.31655407"
"BTC","1700068961","1700068966","5","36347.03268336"
"ETH","1700069076","1700069078","2","2005.794017155"
"BTC","1700069136","1700069138","2","36382.1134375"
"ETH","1700068765","1700068768","3","2005.514687768"
"ETH","1700068798","1700068802","4","2006.8725"
"SOL","1700068857","1700068861","4","61.1802324"
"BTC","1700068874","1700068880","6","36351.405986248"
"SOL","1700068905","1700068913","8","61.07358052"
"ETH","1700068882","1700068885","3","2005.699049905"
"SOL","1700068966","1700068972","6","61.065"
"ETH","1700069143","1700069146","3","2008.226199265"
"ETH","1700068772","1700068778","6","2005.807865085"
"BTC","1700068863","1700068868","5","36396.737481518"
"SOL","1700068789","1700068794","5","61.152840705"
"SOL","1700068423","1700068427","4","61.315"
"BTC","1700068931","1700068936","5","36333.76494152"
"ETH","1700069000","1700069003","3","2005.935"
"BTC","1700069040","1700069082","42","36390.701071428"
"BTC","1700068912","1700068914","2","36327.217951358"
"ETH","1700068411","1700068416","5","2009.58453702"
"ETH","1700069013","1700069019","6","2006.45095218"
"ETH","1700068880","1700068887","7","2006.23215219"
"BTC","1700068601","1700068602","1","36400.61930659"
"BTC","1700068779","1700068781","2","36390.663721225"
"BTC","1700068989","1700068991","2","36357.358928756"
"ETH","1700069140","1700069150","10","2008.159754305"
"ETH","1700068893","1700068900","7","2005.600301025"
"BTC","1700068600","1700068601","1","36388.72451146"
"ETH","1700068416","1700068418","2","2009.27"
"BTC","1700068598","1700068601","3","36400.58128966"
"SOL","1700068971","1700068972","1","61.06406404"
"SOL","1700068451","1700068451","0","61.30075819"
"ETH","1700069011","1700069019","8","2006.438786"
"BTC","1700068487","1700068488","1","36385.46741719"
"ETH","1700068951","1700068954","3","2006.245"
"SOL","1700068635","1700068637","2","61.40440159"
"SOL","1700068829","1700068832","3","61.23755729"
"ETH","1700068801","1700068804","3","2006.834117275"
"BTC","1700068909","1700068914","5","36326.833928571"
"ETH","1700069144","1700069150","6","2008.178367305"
"SOL","1700069060","1700069065","5","61.067716685"
"ETH","1700068670","1700068680","10","2009.10680832"
"ETH","1700068404","1700068407","3","2009.420353615"
"ETH","1700068638","1700068641","3","2009.14409464"
"ETH","1700068841","1700068844","3","2008.25058387"
"SOL","1700068919","1700068920","1","61.06282458"
"ETH","1700069023","1700069081","58","2007.37170732"
"ETH","1700069161","1700069166","5","2008.836191791"
"SOL","1700069067","1700069072","5","61.018239995"
"BTC","1700069161","1700069169","8","36400.97842488"
"SOL","1700068608","1700068612","4","61.27751499"
"SOL","1700068985","1700068987","2","61.042278005"
"SOL","1700068860","1700068863","3","61.20106061"
"BTC","1700068564","1700068565","1","36388.59999999"
"SOL","1700069008","1700069015","7","61.01812669"
"BTC","1700068808","1700068810","2","36388.3065674"
"ETH","1700069006","1700069008","2","2006.005"
"BTC","1700068788","1700068791","3","36382"
"BTC","1700069119","1700069123","4","36385.052180955"
"BTC","1700068698","1700068700","2","36432.454789626"
"BTC","1700068993","1700068996","3","36359.305178571"
"SOL","1700069037","1700069043","6","61.03"
"BTC","1700068768","1700068770","2","36388.940639125"
"BTC","1700068860","1700068864","4","36396.274451143"
"BTC","1700068445","1700068450","5","36384.97"
"ETH","1700069096","1700069148","52","2006.53800675"
"SOL","1700068407","1700068408","1","61.320833333"
"ETH","1700068805","1700068808","3","2007.1659978"
"BTC","1700068839","1700068844","5","36415.52224822"
"BTC","1700069014","1700069017","3","36381.891327835"
"SOL","1700069160","1700069162","2","61.215"
"ETH","1700069051","1700069084","33","2007.65709635"
"ETH","1700068714","1700068716","2","2008.38243184"
"ETH","1700068739","1700068743","4","2008.00339258"
"ETH","1700068928","1700068932","4","2005.69168504"
"SOL","1700068989","1700068995","6","61.05682862"
"ETH","1700068892","1700068896","4","2005.566554446"
"BTC","1700069076","1700069078","2","36352.9725"
"ETH","1700068601","1700068602","1","2008.786646525"
"BTC","1700069098","1700069102","4","36368.684579985"
"BTC","1700068508","1700068511","3","36394.30548125"
"BTC","1700068852","1700068857","5","36398.0223099"
"SOL","1700068642","1700068649","7","61.41280955"
"ETH","1700068891","1700068893","2","2005.63834916"
"ETH","1700069103","1700069148","45","2006.84924344"
"BTC","1700068855","1700068861","6","36396.004887185"
"BTC","1700068542","1700068544","2","36402.05076441"
"SOL","1700068972","1700068973","1","61.052606106"
"ETH","1700069060","1700069065","5","2007.599861106"
"BTC","1700069116","1700069122","6","36382.34786471"
"ETH","1700068772","1700068778","6","2005.807865085"
"ETH","1700069063","1700069065","2","2006.89846637"
"ETH","1700068422","1700068427","5","2008.60759146"
"SOL","1700068844","1700068848","4","61.255"
"BTC","1700068709","1700068715","6","36429.59917714"
"SOL","1700068816","1700068820","4","61.23327558"
"ETH","1700068758","1700068761","3","2005.72214267"
"SOL","1700068627","1700068631","4","61.3955"
"BTC","1700068984","1700068987","3","36354.05741027"
"BTC","1700068742","1700068743","1","36417.458772942"
"ETH","1700068914","1700068920","6","2005.569494893"
"SOL","1700068963","1700068971","8","61.073347145"
"SOL","1700069009","1700069016","7","61.02727953"
"BTC","1700069118","1700069123","5","36380.1226625"
"ETH","1700068555","1700068556","1","2008.123516476"
"SOL","1700069084","1700069091","7","60.95261411"
"SOL","1700068617","1700068620","3","61.34104972"
"SOL","1700068609","1700068612","3","61.27845132"
"ETH","1700068683","1700068686","3","2009.03489786"
"ETH","1700068958","1700068966","8","2005.63583558"
"ETH","1700068541","1700068542","1","2008.84424503"
"ETH","1700068692","1700068694","2","2009.49127819"
"SOL","1700068884","1700068886","2","61.07551704"
"ETH","1700068937","1700068944","7","2006.25407409"
"SOL","1700068985","1700068991","6","61.046325"
"ETH","1700068610","1700068612","2","2009.34146909"
"SOL","1700068990","1700068996","6","61.050006655"
"BTC","1700069152","1700069153","1","36394.647586916"
"ETH","1700069089","1700069091","2","2006.317240485"
"ETH","1700068729","1700068735","6","2008.131412622"
"ETH","1700068864","1700068868","4","2007.7925"
"BTC","1700068390","1700068392","2","36369.02381963"
"BTC","1700068914","1700068920","6","36328.253977272"
"SOL","1700068631","1700068633","2","61.40985361"
"BTC","1700068712","1700068716","4","36417.557930895"
"SOL","1700068991","1700068996","5","61.0572706"
"ETH","1700068462","1700068465","3","2009.03875"
"BTC","1700068629","1700068632","3","36414.949214401"
"BTC","1700068840","1700068845","5","36414.17287118"
"ETH","1700068625","1700068629","4","2009.13678159"
"ETH","1700068756","1700068760","4","2006.207098508"
"ETH","1700068958","1700068966","8","2005.63583558"
"BTC","1700068398","1700068400","2","36377.053333333"
"SOL","1700068709","1700068710","1","61.38386075"
"ETH","1700068769","1700068772","3","2005.625307555"
"ETH","1700068935","1700068937","2","2006.27205764"
"ETH","1700068631","1700068633","2","2009.0075"
"SOL","1700068737","1700068740","3","61.2953436"
"SOL","1700068549","1700068551","2","61.244282836"
"SOL","1700068622","1700068630","8","61.349159848"
"SOL","1700068708","1700068713","5","61.3859108"
"BTC","1700068804","1700068808","4","36393.7"
"BTC","1700068819","1700068826","7","36399.14450743"
"ETH","1700069121","1700069123","2","2007.79329116"
"ETH","1700069137","1700069139","2","2007.82414558"
"SOL","1700068980","1700068984","4","61.04580651"
"SOL","1700068808","1700068810","2","61.198501331"
"SOL","1700068816","1700068824","8","61.23327558"
"SOL","1700068381","1700068384","3","61.231337525"
"BTC","1700068656","1700068660","4","36406.545"
"BTC","1700068700","1700068704","4","36428.519819021"
"SOL","1700068760","1700068762","2","61.245511595"
"ETH","1700069076","1700069077","1","2005.794017155"
"BTC","1700069042","1700069045","3","36391.473909132"
"BTC","1700068978","1700068982","4","36346.439125405"
"ETH","1700069040","1700069084","44","2007.95327386"
"BTC","1700069067","1700069073","6","36360.901760985"
"BTC","1700068893","1700068898","5","36331.818189372"
"ETH","1700068447","1700068450","3","2008.1525"
"SOL","1700068476","1700068478","2","61.21165089"
"ETH","1700068736","1700068739","3","2007.91367293"
"SOL","1700069057","1700069063","6","61.105"
"ETH","1700068557","1700068563","6","2008.14420785"
"BTC","1700068652","1700068655","3","36406.58266204"
"BTC","1700068762","1700068765","3","36384.7515697"
"ETH","1700069026","1700069034","8","2007.45325568"
"SOL","1700069099","1700069101","2","60.90527637"
"BTC","1700069142","1700069148","6","36390.7925"
"SOL","1700068737","1700068739","2","61.2953436"
"BTC","1700068958","1700068966","8","36341.6455"
"SOL","1700068607","1700068608","1","61.281862055"
"SOL","1700068841","1700068844","3","61.253951165"
"ETH","1700068717","1700068719","2","2008.26"
"ETH","1700069108","1700069112","4","2007.017883055"
"BTC","1700069127","1700069130","3","36383.950533545"
"ETH","1700068529","1700068534","5","2007.9425"
"ETH","1700068735","1700068739","4","2007.87350631"
"BTC","1700069165","1700069167","2","36400.45605822"
"SOL","1700069098","1700069102","4","60.89997583"
"BTC","1700068619","1700068623","4","36413.538877551"
"BTC","1700068997","1700068999","2","36360.118666253"
"ETH","1700068826","1700068828","2","2007.48625"
"ETH","1700068878","1700068880","2","2006.051633555"
"ETH","1700068938","1700068944","6","2006.1525"
"ETH","1700069106","1700069108","2","2007.004498115"
"SOL","1700068707","1700068713","6","61.38023627"
"ETH","1700069049","1700069056","7","2007.639883325"
"BTC","1700069026","1700069034","8","36382.789214605"
"SOL","1700069091","1700069093","2","60.86885687"
"SOL","1700068934","1700068937","3","61.09061287"
"BTC","1700069131","1700069135","4","36381.21787082"
"SOL","1700068863","1700068868","5","61.19443667"
"BTC","1700068742","1700068743","1","36417.458772942"
"ETH","1700068742","1700068743","1","2007.848226215"
"ETH","1700068874","1700068878","4","2006.076573015"
"BTC","1700068968","1700068972","4","36344.871770082"
"ETH","1700068701","1700068706","5","2009.267084835"
"SOL","1700068792","1700068794","2","61.15908387"
"BTC","1700068608","1700068612","4","36404.102489"
"BTC","1700068691","1700068694","3","36429.396666661"
"BTC","1700068533","1700068535","2","36396.487481155"
"BTC","1700068764","1700068766","2","36387.61885464"
"SOL","1700068751","1700068753","2","61.28103822"
"BTC","1700068911","1700068914","3","36327.434017535"
"BTC","1700068943","1700068944","1","36337.632357073"
"SOL","1700068996","1700068997","1","61.029472155"
"BTC","1700068927","1700068932","5","36331.27"
"ETH","1700069084","1700069091","7","2006.1264991"
"ETH","1700069091","1700069093","2","2006.41095329"
"SOL","1700069157","1700069161","4","61.223485703"
"BTC","1700068648","1700068650","2","36414.603211525"
"BTC","1700068732","1700068738","6","36418.867495115"
"SOL","1700068911","1700068914","3","61.06601278"
"ETH","1700068989","1700068995","6","2005.82"
"ETH","1700068599","1700068601","2","2008.6312568"
"ETH","1700068695","1700068698","3","2009.61276656"
"BTC","1700068755","1700068756","1","36395.532884615"
"BTC","1700069007","1700069008","1","36365.257312316"
"SOL","1700068903","1700068914","11","61.08"
"SOL","1700068671","1700068679","8","61.289690105"
"ETH","1700068625","1700068631","6","2009.13678159"
"BTC","1700068695","1700068697","2","36432.639792025"
"SOL","1700068495","1700068498","3","61.194899585"
"BTC","1700068614","1700068620","6","36400.965"
"BTC","1700068499","1700068501","2","36390.83043802"
"ETH","1700068994","1700068996","2","2005.985"
"SOL","1700068735","1700068739","4","61.30266601"
"BTC","1700068882","1700068889","7","36343.404588669"
"SOL","1700068937","1700068940","3","61.075406775"
"ETH","1700069140","1700069148","8","2008.159754305"
"ETH","1700068805","1700068808","3","2007.1659978"
"SOL","1700068890","1700068893","3","61.05462128"
"BTC","1700069028","1700069034","6","36381.47266167"
"ETH","1700068909","1700068914","5","2005.49413387"
"ETH","1700069046","1700069048","2","2008.057962915"
"BTC","1700069081","1700069085","4","36356.985640236"
"ETH","1700068816","1700068823","7","2007.741923076"
"BTC","1700069116","1700069121","5","36382.34786471"
"SOL","1700069137","1700069139","2","61.06179238"
"BTC","1700069111","1700069114","3","36373.95"
"ETH","1700068806","1700068808","2","2007.29155335"
"SOL","1700068694","1700068695","1","61.37481423"
"ETH","1700068727","1700068735","8","2008.21875"
"ETH","1700068750","1700068755","5","2006.45081114"
"SOL","1700068882","1700068887","5","61.10340891"
"ETH","1700068914","1700068919","5","2005.569494893"
"ETH","1700068579","1700068583","4","2008.37941186"
"BTC","1700068698","1700068700","2","36432.454789626"
"BTC","1700068665","1700068669","4","36417.62216761"
"ETH","1700068450","1700068451","1","2008.62720372"
"SOL","1700068914","1700068920","6","61.05940786"
"SOL","1700069060","1700069068","8","61.067716685"
"SOL","1700068821","1700068826","5","61.23134556"
"BTC","1700068826","1700068829","3","36402.542660173"
"BTC","1700068635","1700068640","5","36415.34512996"
"BTC","1700068662","1700068664","2","36406.34417804"
"SOL","1700069008","1700069015","7","61.01812669"
"ETH","1700068741","1700068743","2","2007.7825"
"SOL","1700068647","1700068649","2","61.33815869"
"SOL","1700068621","1700068623","2","61.3314928"
"SOL","1700068675","1700068679","4","61.29648353"
"SOL","1700068427","1700068435","8","61.33895894"
"ETH","1700069118","1700069123","5","2007.6626899"
"SOL","1700068710","1700068714","4","61.346998275"
"BTC","1700068912","1700068915","3","36327.217951358"
"SOL","1700069156","1700069157","1","61.217885085"
"ETH","1700068700","1700068702","2","2009.42"
"ETH","1700068794","1700068796","2","2006.59785718"
"SOL","1700068862","1700068863","1","61.196856198"
"SOL","1700068885","1700068888","3","61.07634523"
"SOL","1700068578","1700068579","1","61.162594728"
"ETH","1700068785","1700068789","4","2006.040317775"
"BTC","1700068831","1700068835","4","36409.914765067"
"ETH","1700068919","1700068920","1","2005.46152894"
"BTC","1700068632","1700068635","3","36416.18231726"
"SOL","1700069007","1700069009","2","61.0200235"
"SOL","1700068660","1700068664","4","61.29780115"
"ETH","1700068818","1700068826","8","2007.414772727"
"BTC","1700068740","1700068743","3","36417.42707853"
"BTC","1700068669","1700068678","9","36421.33637653"
"SOL","1700068404","1700068406","2","61.337724543"
"ETH","1700068856","1700068861","5","2007.66739592"
"SOL","1700068671","1700068679","8","61.289690105"
"ETH","1700069060","1700069066","6","2007.599861106"
"SOL","1700068897","1700068901","4","61.088165915"
"SOL","1700069076","1700069077","1","60.99972254"
"SOL","1700068626","1700068629","3","61.375"
"BTC","1700068620","1700068623","3","36411.766357505"
"SOL","1700068781","1700068789","8","61.191565515"
"BTC","1700069021","1700069028","7","36380.7475"
"SOL","1700068793","1700068794","1","61.15834733"
"BTC","1700068910","1700068914","4","36327.416863545"
"BTC","1700069038","1700069042","4","36390.887499995"
"SOL","1700069115","1700069121","6","61.00902802"
"SOL","1700068948","1700068954","6","61.07125167"
"BTC","1700068498","1700068501","3","36382.04587604"
"ETH","1700069102","1700069105","3","2006.641594895"
"ETH","1700069070","1700069073","3","2006.11382509"
"SOL","1700068471","1700068473","2","61.22257227"
"SOL","1700068471","1700068473","2","61.22257227"
"BTC","1700068622","1700068625","3","36413.947186365"
"BTC","1700068665","1700068670","5","36417.62216761"
"BTC","1700068636","1700068641","5","36416.33987744"
"BTC","1700068725","1700068726","1","36419.378571428"
"ETH","1700068735","1700068739","4","2007.87350631"
"BTC","1700068741","1700068743","2","36417.719795265"
"SOL","1700068659","1700068664","5","61.299729425"
"SOL","1700068640","1700068646","6","61.41386907"
"SOL","1700068905","1700068914","9","61.07358052"
"SOL","1700068936","1700068940","4","61.08561119"
"ETH","1700068789","1700068793","4","2006.20661031"
"SOL","1700068665","1700068669","4","61.26604919"
"ETH","1700069100","1700069105","5","2006.582832155"
"BTC","1700068847","1700068849","2","36412.210904305"
"ETH","1700068849","1700068850","1","2008.228522015"
"SOL","1700068849","1700068849","0","61.229057565"
"ETH","1700068792","1700068794","2","2006.31339011"
"SOL","1700068912","1700068914","2","61.05875991"
"ETH","1700068670","1700068680","10","2009.10680832"
"ETH","1700069146","1700069148","2","2008.285"
"ETH","1700069047","1700069051","4","2008.27870065"
"ETH","1700068849","1700068849","0","2008.228522015"
"BTC","1700068414","1700068418","4","36383.72"
"SOL","1700068610","1700068612","2","61.292173205"
"SOL","1700068932","1700068936","4","61.089037345"
"BTC","1700068808","1700068812","4","36388.3065674"
"SOL","1700068878","1700068880","2","61.09938953"
"BTC","1700068600","1700068601","1","36388.72451146"
"SOL","1700068862","1700068864","2","61.196856198"
"BTC","1700068607","1700068611","4","36402.27494254"
"BTC","1700068937","1700068944","7","36337.680277777"
"BTC","1700069016","1700069021","5","36379.6425"
"ETH","1700069076","1700069078","2","2005.794017155"
"BTC","1700068755","1700068756","1","36395.532884615"
"SOL","1700068878","1700068880","2","61.09938953"
"SOL","1700068994","1700068996","2","61.0466909"
"ETH","1700068790","1700068794","4","2006.3086874"
"ETH","1700069077","1700069081","4","2005.866873756"
"ETH","1700068994","1700068996","2","2005.985"
"SOL","1700068465","1700068466","1","61.29970238"
"SOL","1700068613","1700068617","4","61.32533751"
"ETH","1700068868","1700068869","1","2007.7453351"
"SOL","1700068655","1700068659","4","61.28905356"
"SOL","1700068972","1700068973","1","61.052606106"
"SOL","1700069035","1700069044","9","61.034130361"
"BTC","1700069123","1700069130","7","36381.125"
"BTC","1700069129","1700069132","3","36381.74849197"
"ETH","1700068521","1700068524","3","2008.78115418"
"BTC","1700069143","1700069148","5","36390.36803785"
"ETH","1700068934","1700068937","3","2006.46064818"
"ETH","1700068938","1700068944","6","2006.1525"
"ETH","1700068686","1700068688","2","2009.145"
"ETH","1700068730","1700068735","5","2008.2883808"
"BTC","1700069048","1700069056","8","36384.766545225"
"SOL","1700069160","1700069162","2","61.215"
"SOL","1700068645","1700068652","7","61.40172591"
"SOL","1700068978","1700068982","4","61.04430375"
"ETH","1700069089","1700069091","2","2006.317240485"
"ETH","1700069077","1700069082","5","2005.866873756"
"SOL","1700068620","1700068623","3","61.333914307"
"ETH","1700069122","1700069127","5","2007.75875"
"ETH","1700068600","1700068601","1","2008.72566943"
"BTC","1700069026","1700069034","8","36382.789214605"
"ETH","1700069010","1700069019","9","2006.241286"
"BTC","1700068838","1700068844","6","36415.060363053"
"SOL","1700068634","1700068636","2","61.407569261"
"BTC","1700068656","1700068662","6","36406.545"
"SOL","1700068776","1700068779","3","61.19135819"
"ETH","1700069091","1700069093","2","2006.41095329"
"ETH","1700068711","1700068715","4","2008.82833458"
"SOL","1700068948","1700068954","6","61.07125167"
"BTC","1700068614","1700068617","3","36400.965"
"ETH","1700068910","1700068914","4","2005.66147034"
"BTC","1700068961","1700068966","5","36347.03268336"
"SOL","1700068762","1700068764","2","61.244444535"
"ETH","1700068823","1700068826","3","2007.26"
"ETH","1700068725","1700068726","1","2008.2833808"
"BTC","1700068765","1700068768","3","36388.111183485"
"SOL","1700068533","1700068535","2","61.2650149"
"ETH","1700068989","1700068996","7","2005.82"
"SOL","1700068646","1700068652","6","61.384624995"
"ETH","1700068626","1700068631","5","2009.12159102"
"ETH","1700068709","1700068715","6","2008.96569496"
"SOL","1700068850","1700068852","2","61.23"
"BTC","1700068903","1700068908","5","36324.74680555"
"ETH","1700069150","1700069153","3","2008.49640794"
"BTC","1700068829","1700068832","3","36406.85293069"
"SOL","1700068956","1700068966","10","61.06304834"
"SOL","1700068751","1700068753","2","61.28103822"
"BTC","1700068648","1700068652","4","36414.603211525"
"SOL","1700068512","1700068513","1","61.27566971"
"SOL","1700069021","1700069026","5","61.08771451"
"SOL","1700069096","1700069148","52","60.90122965"
"BTC","1700068909","1700068912","3","36326.833928571"
"SOL","1700068903","1700068907","4","61.08"
"ETH","1700068656","1700068660","4","2008.88771059"
"SOL","1700068671","1700068678","7","61.289690105"
"ETH","1700068431","1700068435","4","2008.9125"
"BTC","1700068601","1700068602","1","36400.61930659"
"SOL","1700068745","1700068751","6","61.31709386"
"SOL","1700068804","1700068808","4","61.16345115"
"BTC","1700069009","1700069013","4","36365.880655305"
"SOL","1700068684","1700068686","2","61.310971215"
"SOL","1700068732","1700068736","4","61.303566665"
"SOL","1700069041","1700069047","6","61.02389854"
"SOL","1700068662","1700068663","1","61.29882847"
"SOL","1700069017","1700069023","6","61.104892175"
"BTC","1700069161","1700069164","3","36400.51170399"
"SOL","1700068892","1700068894","2","61.036934585"
"BTC","1700068895","1700068901","6","36325.620990478"
"SOL","1700068712","1700068716","4","61.32693707"
"BTC","1700068920","1700068927","7","36327.542272727"
"BTC","1700069137","1700069139","2","36383.810227812"
"SOL","1700068925","1700068927","2","61.10093651"
"ETH","1700068602","1700068603","1","2008.81636336"
"SOL","1700069034","1700069038","4","61.047842015"
"BTC","1700068878","1700068880","2","36350.792469512"
"ETH","1700068632","1700068635","3","2009.01875"
"SOL","1700068800","1700068801","1","61.146974745"
"ETH","1700068884","1700068886","2","2005.766251"
"BTC","1700069042","1700069045","3","36391.473909132"
"ETH","1700069082","1700069085","3","2006.05524785"
"ETH","1700068958","1700068966","8","2005.63583558"
"ETH","1700068727","1700068735","8","2008.21875"
"BTC","1700068474","1700068477","3","36393.154062648"
"BTC","1700068528","1700068534","6","36391.82197342"
"ETH","1700068712","1700068716","4","2008.3075"
"SOL","1700069064","1700069072","8","61.02011483"
"SOL","1700069068","1700069073","5","61.00376654"
"SOL","1700069017","1700069023","6","61.104892175"
"BTC","1700068616","1700068620","4","36414.65052521"
"SOL","1700068687","1700068689","2","61.359400655"
"SOL","1700068665","1700068670","5","61.26604919"
"BTC","1700068918","1700068920","2","36328.04205389"
"SOL","1700068647","1700068652","5","61.33815869"
"ETH","1700068817","1700068827","10","2007.52615715"
"BTC","1700068680","1700068686","6","36420.222665431"
"SOL","1700069091","1700069093","2","60.86885687"
"BTC","1700069000","1700069005","5","36359.452951745"
"BTC","1700068617","1700068623","6","36415.34237744"
"BTC","1700068620","1700068623","3","36411.766357505"
"BTC","1700069006","1700069008","2","36363.09"
"BTC","1700068775","1700068778","3","36394.348097885"
"SOL","1700069076","1700069077","1","60.99972254"
"SOL","1700068600","1700068601","1","61.19552243"
"ETH","1700068757","1700068760","3","2005.946808375"
"ETH","1700068913","1700068920","7","2005.57030692"
"BTC","1700069039","1700069045","6","36390.410833333"
"BTC","1700068964","1700068967","3","36351.61565468"
"ETH","1700068662","1700068663","1","2008.86595559"
"SOL","1700068856","1700068861","5","61.18530535"
"BTC","1700068744","1700068746","2","36417.446797075"
"ETH","1700068640","1700068644","4","2009.12369215"
"SOL","1700068643","1700068649","6","61.40524999"
"SOL","1700068632","1700068635","3","61.40240964"
"SOL","1700068644","1700068649","5","61.4075"
"BTC","1700068666","1700068679","13","36419.723384483"
"BTC","1700068777","1700068779","2","36392.666174555"
"SOL","1700068741","1700068743","2","61.29031286"
"ETH","1700068906","1700068911","5","2005.595"
"BTC","1700069117","1700069119","2","36384.832997916"
"BTC","1700068550","1700068551","1","36398.354141125"
"ETH","1700068724","1700068726","2","2008.2883808"
"ETH","1700068864","1700068868","4","2007.7925"
"ETH","1700068556","1700068563","7","2008.140996915"
"BTC","1700068508","1700068511","3","36394.30548125"
"ETH","1700068797","1700068802","5","2006.761415"
"SOL","1700068847","1700068849","2","61.240511595"
"SOL","1700068883","1700068889","6","61.07136473"
"SOL","1700068929","1700068932","3","61.095375"
"BTC","1700069064","1700069072","8","36372.973252068"
"ETH","1700068634","1700068636","2","2009.004539995"
"BTC","1700068783","1700068787","4","36390.51730109"
"SOL","1700068735","1700068739","4","61.30266601"
"ETH","1700068897","1700068902","5","2005.52709874"
"SOL","1700068610","1700068612","2","61.292173205"
"BTC","1700068708","1700068710","2","36429.68743456"
"BTC","1700068975","1700068977","2","36345.652933085"
"BTC","1700068866","1700068869","3","36389.087692307"
"BTC","1700068710","1700068714","4","36424.143970545"
"SOL","1700069145","1700069148","3","61.1068472"
"SOL","1700068512","1700068519","7","61.27566971"
"SOL","1700068485","1700068487","2","61.21445334"
"ETH","1700068718","1700068719","1","2008.24875"
"SOL","1700068701","1700068706","5","61.389354838"
"ETH","1700068752","1700068760","8","2006.384272263"
"SOL","1700068761","1700068762","1","61.25102319"
"ETH","1700068925","1700068927","2","2005.56667126"
"SOL","1700068977","1700068983","6","61.05007297"
"ETH","1700069026","1700069034","8","2007.45325568"
"ETH","1700068951","1700068954","3","2006.245"
"ETH","1700069039","1700069045","6","2007.928803355"
"SOL","1700068468","1700068472","4","61.279725"
"BTC","1700068760","1700068763","3","36383.100147058"
"ETH","1700069145","1700069148","3","2008.22371583"
"SOL","1700068884","1700068886","2","61.07551704"
"ETH","1700069099","1700069102","3","2006.56"
"BTC","1700068727","1700068735","8","36418.97217986"
"BTC","1700068763","1700068763","0","36386.304903033"
"SOL","1700069069","1700069082","13","61.01651976"
"ETH","1700069114","1700069116","2","2007.1675"
"SOL","1700069115","1700069121","6","61.00902802"
"SOL","1700069129","1700069134","5","61.047957715"
"BTC","1700069161","1700069164","3","36400.51170399"
"SOL","1700069076","1700069077","1","60.99972254"
"SOL","1700068527","1700068534","7","61.25814884"
"BTC","1700068805","1700068809","4","36395.310454545"
"ETH","1700069157","1700069160","3","2008.8975"
"BTC","1700068785","1700068789","4","36381.34569815"
"SOL","1700068607","1700068608","1","61.281862055"
"BTC","1700069016","1700069023","7","36379.6425"
"BTC","1700069086","1700069091","5","36357.01983958"
"SOL","1700068940","1700068944","4","61.059663415"
"ETH","1700069001","1700069003","2","2005.884752501"
"ETH","1700068649","1700068656","7","2008.700505446"
"SOL","1700068663","1700068665","2","61.265360245"
"BTC","1700068843","1700068844","1","36413.408184275"
"BTC","1700069026","1700069030","4","36382.789214605"
"ETH","1700068769","1700068773","4","2005.625307555"
"BTC","1700068849","1700068850","1","36411.814737513"
"SOL","1700068610","1700068612","2","61.292173205"
"BTC","1700068389","1700068390","1","36369.88764134"
"BTC","1700069036","1700069082","46","36390.814166666"
"SOL","1700068952","1700068958","6","61.076461465"
"ETH","1700068790","1700068794","4","2006.3086874"
"BTC","1700068708","1700068715","7","36429.68743456"
"BTC","1700068711","1700068716","5","36418.642781405"
"BTC","1700068861","1700068863","2","36396.27111781"
"BTC","1700068998","1700068999","1","36358.147154155"
"BTC","1700068918","1700068920","2","36328.04205389"
"ETH","1700069057","1700069063","6","2007.76781219"
"BTC","1700069076","1700069077","1","36352.9725"
"SOL","1700068694","1700068695","1","61.37481423"
"SOL","1700068610","1700068612","2","61.292173205"
"BTC","1700068863","1700068869","6","36396.737481518"
"BTC","1700069137","1700069139","2","36383.810227812"
"BTC","1700068707","1700068713","6","36429.67243456"
"ETH","1700068725","1700068727","2","2008.2833808"
"SOL","1700068870","1700068873","3","61.13683681"
"SOL","1700068939","1700068944","5","61.06922583"
"ETH","1700068612","1700068614","2","2009.613567595"
"ETH","1700069034","1700069038","4","2007.6499636"
"SOL","1700069036","1700069082","46","61.01568053"
"SOL","1700068781","1700068787","6","61.191565515"
"BTC","1700068893","1700068896","3","36331.818189372"
"ETH","1700069146","1700069148","2","2008.285"
"BTC","1700068440","1700068441","1","36389.593161365"
"SOL","1700068642","1700068649","7","61.41280955"
"BTC","1700068686","1700068689","3","36426.25614625"
"SOL","1700068760","1700068762","2","61.245511595"
"BTC","1700068982","1700068988","6","36350.382541437"
"BTC","1700068993","1700068996","3","36359.305178571"
"BTC","1700069091","1700069093","2","36362.626476245"
"SOL","1700069105","1700069107","2","60.9493453"
"BTC","1700069127","1700069130","3","36383.950533545"
"ETH","1700068980","1700068984","4","2005.435"
"BTC","1700068870","1700068872","2","36364.294809855"
"BTC","1700068407","1700068409","2","36387.748899305"
"ETH","1700068678","1700068683","5","2009.06247604"
"BTC","1700068560","1700068563","3","36398.294909"
"SOL","1700068650","1700068655","5","61.30766665"
"ETH","1700068433","1700068435","2","2009.08"
"ETH","1700068765","1700068768","3","2005.514687768"
"ETH","1700069092","1700069096","4","2006.48347808"
"SOL","1700068834","1700068839","5","61.247675"
"BTC","1700069122","1700069127","5","36381.2525"
"SOL","1700069136","1700069138","2","61.05921104"
"ETH","1700068880","1700068889","9","2006.23215219"
"SOL","1700068882","1700068889","7","61.10340891"
"ETH","1700068761","1700068763","2","2005.495453705"
"ETH","1700068785","1700068788","3","2006.040317775"
"ETH","1700068674","1700068678","4","2008.98748235"
"BTC","1700069017","1700069023","6","36379.671"
"SOL","1700068878","1700068880","2","61.09938953"
"SOL","1700069114","1700069116","2","61.045"
"ETH","1700069130","1700069148","18","2007.73664558"
"ETH","1700068889","1700068893","4","2005.85684421"
"BTC","1700068906","1700068911","5","36323.045242863"
"ETH","1700069133","1700069137","4","2007.71539558"
"BTC","1700069139","1700069142","3","36387.818917366"
"ETH","1700068537","1700068541","4","2008.66263298"
"SOL","1700068762","1700068766","4","61.244444535"
"BTC","1700068815","1700068817","2","36402.454436955"
"ETH","1700068657","1700068663","6","2008.85571169"
"ETH","1700069023","1700069082","59","2007.37170732"
"ETH","1700068946","1700068954","8","2006.162796904"
"BTC","1700068763","1700068766","3","36386.304903033"
"ETH","1700069039","1700069045","6","2007.928803355"
"SOL","1700068746","1700068755","9","61.30354693"
"SOL","1700068835","1700068838","3","61.24399999"
"SOL","1700068481","1700068485","4","61.208742225"
"SOL","1700068695","1700068698","3","61.3950834"
"SOL","1700068465","1700068466","1","61.29970238"
"BTC","1700068521","1700068524","3","36396.978399825"
"ETH","1700068495","1700068498","3","2008.7825"
"ETH","1700069076","1700069077","1","2005.794017155"
"BTC","1700069076","1700069078","2","36352.9725"
"BTC","1700069077","1700069083","6","36355.0925"
"ETH","1700069101","1700069105","4","2006.592195125"
"ETH","1700068650","1700068655","5","2008.73083878"
"SOL","1700068701","1700068706","5","61.389354838"
"ETH","1700068398","1700068402","4","2008.835"
"ETH","1700068902","1700068914","12","2005.465"
"BTC","1700069077","1700069081","4","36355.0925"
"BTC","1700069117","1700069122","5","36384.832997916"
"BTC","1700069156","1700069157","1","36398.11025475"
"BTC","1700068525","1700068527","2","36394.8515092"
"ETH","1700068619","1700068623","4","2009.249009781"
"SOL","1700068508","1700068511","3","61.27155926"
"SOL","1700068685","1700068686","1","61.30121769"
"SOL","1700068918","1700068920","2","61.0615525"
"SOL","1700069047","1700069051","4","61.08998778"
"ETH","1700069049","1700069056","7","2007.639883325"
"SOL","1700068916","1700068920","4","61.060807085"
"ETH","1700068830","1700068835","5","2007.742612495"
"SOL","1700068972","1700068979","7","61.051881091"
"ETH","1700068991","1700068996","5","2005.79680431"
"BTC","1700068886","1700068893","7","36337.999257458"
"ETH","1700068549","1700068550","1","2008.46495985"
"BTC","1700068684","1700068686","2","36425.389362965"
"SOL","1700068609","1700068612","3","61.27845132"
"ETH","1700068784","1700068788","4","2006.022817775"
"ETH","1700069027","1700069084","57","2007.45839078"
"BTC","1700068789","1700068794","5","36382.06668886"
"SOL","1700068816","1700068823","7","61.23327558"
"SOL","1700069053","1700069057","4","61.09491213"
"ETH","1700069084","1700069091","7","2006.1264991"
"ETH","1700068936","1700068940","4","2006.42411528"
"SOL","1700068788","1700068789","1","61.177263055"
"SOL","1700068663","1700068665","2","61.265360245"
"ETH","1700068669","1700068680","11","2009.066737493"
"SOL","1700068911","1700068914","3","61.06601278"
"BTC","1700068989","1700068996","7","36357.358928756"
"BTC","1700069047","1700069051","4","36385.798297742"
"BTC","1700068549","1700068551","2","36397.4321233"
"BTC","1700068830","1700068832","2","36406.25163446"
"BTC","1700068929","1700068932","3","36335.682561345"
"BTC","1700068479","1700068482","3","36392.62816773"
"SOL","1700068725","1700068726","1","61.33019674"
"BTC","1700068756","1700068761","5","36393.392408313"
"BTC","1700068929","1700068932","3","36335.682561345"
"ETH","1700069051","1700069083","32","2007.65709635"
"ETH","1700069105","1700069107","2","2006.947632095"
"SOL","1700068688","1700068694","6","61.361775"
"ETH","1700068542","1700068547","5","2008.77"
"ETH","1700068798","1700068802","4","2006.8725"
"SOL","1700069023","1700069082","59","61.071883235"
"SOL","1700068973","1700068979","6","61.04756372"
"ETH","1700068684","1700068686","2","2009.1219187"
"BTC","1700068494","1700068500","6","36392.224450585"
"BTC","1700068655","1700068659","4","36406.545"
"ETH","1700068619","1700068623","4","2009.249009781"
"SOL","1700069119","1700069123","4","61.068685445"
"ETH","1700068977","1700068984","7","2005.43"
"BTC","1700069112","1700069114","2","36373.512857142"
"ETH","1700068476","1700068479","3","2008.39183489"
"ETH","1700068987","1700068989","2","2005.731542915"
"SOL","1700068750","1700068753","3","61.2847128"
"BTC","1700068737","1700068740","3","36417.42707853"
"SOL","1700068988","1700068989","1","61.05368438"
"BTC","1700069119","1700069123","4","36385.052180955"
"SOL","1700068616","1700068620","4","61.34785"
"BTC","1700069005","1700069008","3","36367.09928024"
"ETH","1700068841","1700068844","3","2008.25058387"
"SOL","1700069157","1700069161","4","61.223485703"
"ETH","1700068929","1700068932","3","2006.124999995"
"ETH","1700068838","1700068844","6","2008.2"
"BTC","1700068675","1700068678","3","36421.120068263"
"BTC","1700068772","1700068778","6","36393.983082846"
"BTC","1700068961","1700068966","5","36347.03268336"
"ETH","1700068797","1700068801","4","2006.761415"
"ETH","1700068931","1700068934","3","2006.307410648"
"SOL","1700068989","1700068995","6","61.05682862"
"BTC","1700069102","1700069104","2","36370.83328502"
"SOL","1700068526","1700068530","4","61.279493458"
"BTC","1700069128","1700069130","2","36381.6719509"
"SOL","1700068620","1700068623","3","61.333914307"
"BTC","1700068608","1700068612","4","36404.102489"
"BTC","1700068983","1700068985","2","36351.946608955"
"BTC","1700069150","1700069153","3","36394.320895535"
"BTC","1700068731","1700068738","7","36419.481221875"
"SOL","1700068715","1700068719","4","61.313916335"
"ETH","1700068632","1700068636","4","2009.01875"
"BTC","1700069004","1700069008","4","36365.8332409"
"BTC","1700068937","1700068944","7","36337.680277777"
"ETH","1700068721","1700068723","2","2008.34"
"ETH","1700068911","1700068914","3","2005.59201371"
"ETH","1700069021","1700069026","5","2007.316029225"
"BTC","1700068947","1700068954","7","36345.40483683"
"SOL","1700069093","1700069099","6","60.87164497"
"ETH","1700068835","1700068838","3","2008.121099651"
"SOL","1700068764","1700068766","2","61.2507029"
"ETH","1700068861","1700068863","2","2007.78332998"
"ETH","1700068920","1700068926","6","2005.485497205"
"BTC","1700069125","1700069130","5","36383.115533545"
"ETH","1700068397","1700068398","1","2008.673333333"
"BTC","1700068612","1700068614","2","36399.93534431"
"BTC","1700069013","1700069019","6","36366.69"
"ETH","1700068613","1700068617","4","2009.6125"
"SOL","1700068718","1700068719","1","61.31655407"
"BTC","1700068947","1700068954","7","36345.40483683"
"ETH","1700069123","1700069130","7","2007.73664558"
"SOL","1700068860","1700068863","3","61.20106061"
"BTC","1700068911","1700068915","4","36327.434017535"
"SOL","1700068707","1700068715","8","61.38023627"
"ETH","1700068843","1700068845","2","2008.33263979"
"ETH","1700069060","1700069069","9","2007.599861106"
"BTC","1700069123","1700069130","7","36381.125"
"SOL","1700068772","1700068778","6","61.197264015"
"SOL","1700069090","1700069092","2","60.883404898"
"ETH","1700069082","1700069085","3","2006.05524785"
"SOL","1700068974","1700068977","3","61.04756372"
"ETH","1700069018","1700069023","5","2007.2675"
"BTC","1700069040","1700069082","42","36390.701071428"
"ETH","1700068649","1700068655","6","2008.700505446"
"BTC","1700068925","1700068927","2","36325.5878918"
"SOL","1700068670","1700068678","8","61.27209759"
"SOL","1700068670","1700068679","9","61.27209759"
"BTC","1700068708","1700068712","4","36429.68743456"
"SOL","1700068788","1700068789","1","61.177263055"
"ETH","1700068746","1700068753","7","2007.724730461"
"BTC","1700069148","1700069154","6","36392.949804713"
"BTC","1700069059","1700069085","26","36384.83202528"
"BTC","1700068993","1700068996","3","36359.305178571"
"ETH","1700068878","1700068880","2","2006.051633555"
"SOL","1700068694","1700068695","1","61.37481423"
"SOL","1700068971","1700068972","1","61.06406404"
"SOL","1700068778","1700068780","2","61.20065145"
"ETH","1700069049","1700069056","7","2007.639883325"
"ETH","1700068669","1700068679","10","2009.066737493"
"ETH","1700068984","1700068987","3","2005.70477575"
"SOL","1700069151","1700069153","2","61.11291246"
"ETH","1700068776","1700068780","4","2005.9"
"SOL","1700069039","1700069045","6","61.026365355"
"BTC","1700068772","1700068778","6","36393.983082846"
"BTC","1700068894","1700068896","2","36330.132944126"
"BTC","1700068851","1700068852","1","36406.036634615"
"SOL","1700068863","1700068869","6","61.19443667"
"BTC","1700068669","1700068679","10","36421.33637653"
"ETH","1700068863","1700068869","6","2007.7925"
"ETH","1700068870","1700068872","2","2006.97850017"
"SOL","1700068670","1700068679","9","61.27209759"
"BTC","1700068989","1700068991","2","36357.358928756"
"SOL","1700069099","1700069101","2","60.90527637"
"SOL","1700069121","1700069123","2","61.104303409"
"SOL","1700069130","1700069148","18","61.056449106"
"ETH","1700069137","1700069139","2","2007.82414558"
"SOL","1700068487","1700068494","7","61.21575754"
"BTC","1700069149","1700069153","4","36390.47033394"
"ETH","1700068708","1700068713","5","2009.13138992"
"ETH","1700069047","1700069049","2","2008.27870065"
"BTC","1700069084","1700069089","5","36357.28375"
"SOL","1700068715","1700068719","4","61.313916335"
"ETH","1700068777","1700068779","2","2005.70405315"
"ETH","1700068506","1700068511","5","2008.866323075"
"SOL","1700068780","1700068781","1","61.20059479"
"BTC","1700068683","1700068686","3","36423.068922759"
"BTC","1700068709","1700068715","6","36429.59917714"
"ETH","1700068634","1700068636","2","2009.004539995"
"SOL","1700068737","1700068740","3","61.2953436"
"SOL","1700068988","1700068989","1","61.05368438"
"ETH","1700068738","1700068743","5","2008.06923498"
"BTC","1700068774","1700068778","4","36394.2928512"
"SOL","1700068438","1700068439","1","61.28016"
"SOL","1700069039","1700069045","6","61.026365355"
"SOL","1700068940","1700068944","4","61.059663415"
"BTC","1700069081","1700069085","4","36356.985640236"
"ETH","1700068736","1700068740","4","2007.91367293"
"SOL","1700068862","1700068864","2","61.196856198"
"BTC","1700069157","1700069162","5","36403.32648631"
"BTC","1700068520","1700068522","2","36399.290899825"
"ETH","1700069019","1700069031","12","2007.29162854"
"ETH","1700068648","1700068650","2","2008.567209575"
"SOL","1700069060","1700069065","5","61.067716685"
"ETH","1700068638","1700068641","3","2009.14409464"
"SOL","1700068687","1700068689","2","61.359400655"
"SOL","1700069162","1700069166","4","61.242886435"
"BTC","1700068813","1700068816","3","36396.60812965"
"BTC","1700068821","1700068826","5","36399.16"
"BTC","1700068634","1700068636","2","36415.005"
"BTC","1700069121","1700069123","2","36380.84606804"
"ETH","1700068602","1700068603","1","2008.81636336"
"ETH","1700068556","1700068562","6","2008.140996915"
"ETH","1700068893","1700068898","5","2005.600301025"
"ETH","1700068764","1700068766","2","2005.63634719"
"BTC","1700068725","1700068726","1","36419.378571428"
"ETH","1700068736","1700068739","3","2007.91367293"
"BTC","1700069148","1700069153","5","36392.949804713"
"ETH","1700068813","1700068815","2","2008.01875"
"ETH","1700068614","1700068617","3","2009.67780683"
"ETH","1700069136","1700069138","2","2007.76625"
"SOL","1700069022","1700069031","9","61.079690588"
"BTC","1700068632","1700068636","4","36416.18231726"
"SOL","1700068828","1700068829","1","61.23659297"
"SOL","1700069066","1700069072","6","61.00371319"
"SOL","1700068623","1700068631","8","61.364600695"
"ETH","1700068837","1700068841","4","2008.18725975"
"ETH","1700069123","1700069130","7","2007.73664558"
"ETH","1700068646","1700068652","6","2008.767395995"
"SOL","1700069063","1700069065","2","61.026377385"
"SOL","1700069005","1700069008","3","61.02103952"
"SOL","1700069059","1700069084","25","61.09076224"
"ETH","1700068516","1700068518","2","2008.68198979"
"SOL","1700068645","1700068649","4","61.40172591"
"BTC","1700069089","1700069091","2","36361.928142216"
"BTC","1700069130","1700069148","18","36381.3745"
"ETH","1700068718","1700068720","2","2008.24875"
"SOL","1700069115","1700069119","4","61.00902802"
"ETH","1700069136","1700069138","2","2007.76625"
"BTC","1700069159","1700069162","3","36403.812083333"
"ETH","1700069046","1700069048","2","2008.057962915"
"SOL","1700068716","1700068719","3","61.31604464"
"BTC","1700068695","1700068698","3","36432.639792025"
"SOL","1700069068","1700069072","4","61.00376654"
"SOL","1700069083","1700069148","65","60.97457779"
"SOL","1700069085","1700069091","6","60.94806257"
"BTC","1700069040","1700069082","42","36390.701071428"
"SOL","1700069036","1700069084","48","61.01568053"
"ETH","1700068686","1700068689","3","2009.13"
"BTC","1700069044","1700069047","3","36391.966871065"
"SOL","1700068672","1700068679","7","61.29410734"
"SOL","1700068659","1700068663","4","61.299729425"
"SOL","1700068773","1700068776","3","61.18818408"
"SOL","1700068978","1700068984","6","61.04430375"
"BTC","1700068912","1700068915","3","36327.217951358"
"ETH","1700068484","1700068487","3","2008.439271666"
"ETH","1700068608","1700068612","4","2008.88379958"
"BTC","1700068598","1700068601","3","36400.58128966"
"BTC","1700068797","1700068802","5","36383"
"BTC","1700068912","1700068914","2","36327.217951358"
"SOL","1700069063","1700069065","2","61.026377385"
"SOL","1700069084","1700069091","7","60.95261411"
"ETH","1700069042","1700069045","3","2008.078224255"
"ETH","1700069095","1700069099","4","2006.53157678"
"BTC","1700068857","1700068861","4","36396.174704446"
"SOL","1700068945","1700068954","9","61.0560535"
"SOL","1700068762","1700068764","2","61.244444535"
"ETH","1700069083","1700069148","65","2006.15162819"
"ETH","1700068988","1700068991","3","2005.738347225"
"ETH","1700068816","1700068820","4","2007.741923076"
"BTC","1700068835","1700068838","3","36412.2465281"
"BTC","1700068927","1700068928","1","36331.27"
"ETH","1700068983","1700068988","5","2005.622864135"
"BTC","1700069034","1700069038","4","36388.718645145"
"BTC","1700068907","1700068911","4","36323.58881205"
"ETH","1700069013","1700069019","6","2006.45095218"
"BTC","1700069023","1700069083","60","36379.974214605"
"SOL","1700068687","1700068689","2","61.359400655"
"SOL","1700068831","1700068835","4","61.244515485"
"SOL","1700068648","1700068652","4","61.35132415"
"BTC","1700068762","1700068766","4","36384.7515697"
"SOL","1700068918","1700068920","2","61.0615525"
"ETH","1700068998","1700068999","1","2005.845"
"SOL","1700069015","1700069019","4","61.10375673"
"SOL","1700069045","1700069085","40","61.0718438"
"SOL","1700068716","1700068719","3","61.31604464"
"ETH","1700068685","1700068686","1","2009.14013633"
"BTC","1700068815","1700068817","2","36402.454436955"
"ETH","1700068842","1700068845","3","2008.28749999"
"SOL","1700068658","1700068664","6","61.29752583"
"BTC","1700068449","1700068450","1","36388.186098805"
"SOL","1700069019","1700069028","9","61.09958145"
"SOL","1700069108","1700069112","4","60.9680165"
"SOL","1700069083","1700069148","65","60.97457779"
"ETH","1700068745","1700068751","6","2007.863063795"
"BTC","1700068556","1700068563","7","36396.558167595"
"ETH","1700069129","1700069131","2","2007.77625"
"BTC","1700068927","1700068930","3","36331.27"
"ETH","1700068715","1700068717","2","2008.51999999"
"BTC","1700068743","1700068746","3","36417.241921705"
"ETH","1700068608","1700068612","4","2008.88379958"
"SOL","1700068669","1700068679","10","61.27475565"
"SOL","1700068732","1700068739","7","61.303566665"
"SOL","1700068889","1700068893","4","61.0641791"
"ETH","1700068920","1700068924","4","2005.485497205"
"SOL","1700068546","1700068547","1","61.27208654"
"ETH","1700069062","1700069069","7","2007.232197205"
"BTC","1700068781","1700068785","4","36381.76861023"
"BTC","1700068724","1700068726","2","36417.58319939"
"SOL","1700069127","1700069130","3","61.047700125"
"SOL","1700068628","1700068633","5","61.421195228"
"ETH","1700068451","1700068451","0","2008.55375905"
"BTC","1700068864","1700068868","4","36396.919148185"
"BTC","1700068985","1700068989","4","36354.83575956"
"ETH","1700069157","1700069162","5","2008.88957331"
"BTC","1700068880","1700068884","4","36348.612210776"
"ETH","1700068781","1700068787","6","2005.957620155"
"BTC","1700068784","1700068789","5","36390.582396025"
"SOL","1700069028","1700069034","6","61.042666466"
"ETH","1700069112","1700069114","2","2007.0532381"
"ETH","1700068715","1700068719","4","2008.37494796"
"BTC","1700069130","1700069148","18","36381.3745"
"ETH","1700068651","1700068656","5","2008.82094894"
"ETH","1700068984","1700068985","1","2005.70477575"
"SOL","1700069148","1700069154","6","61.0962935"
"ETH","1700068775","1700068777","2","2005.9301705"
"ETH","1700068720","1700068722","2","2008.2883808"
"BTC","1700068657","1700068663","6","36417.518114165"
"ETH","1700069081","1700069084","3","2006.062152155"
"SOL","1700069016","1700069023","7","61.133"
"BTC","1700068715","1700068718","3","36417.57875"
"SOL","1700069044","1700069047","3","61.0635209"
"SOL","1700068737","1700068739","2","61.2953436"
"BTC","1700068686","1700068688","2","36426.01335651"
"BTC","1700068691","1700068694","3","36429.396666661"
"ETH","1700068936","1700068940","4","2006.42411528"
"ETH","1700068954","1700068958","4","2005.667170023"
"ETH","1700068848","1700068849","1","2008.33616344"
"BTC","1700068739","1700068743","4","36408.07619478"
"ETH","1700068601","1700068603","2","2008.786646525"
"SOL","1700068602","1700068603","1","61.2140102"
"ETH","1700068623","1700068624","1","2008.995779675"
"BTC","1700068760","1700068762","2","36383.100147058"
"ETH","1700068731","1700068735","4","2008.150107645"
"BTC","1700068634","1700068636","2","36415.005"
"ETH","1700068731","1700068739","8","2008.150107645"
"ETH","1700068747","1700068753","6","2007.27917184"
"ETH","1700068862","1700068863","1","2007.745160853"
"BTC","1700068468","1700068473","5","36394.0949749"
"BTC","1700068656","1700068664","8","36406.545"
"SOL","1700069025","1700069083","58","61.047565125"
"ETH","1700069004","1700069008","4","2005.974824015"
"BTC","1700068917","1700068920","3","36326.353"
"ETH","1700068686","1700068688","2","2009.145"
"BTC","1700069129","1700069134","5","36381.74849197"
"ETH","1700068735","1700068740","5","2007.87350631"
"BTC","1700068673","1700068679","6","36421.521211245"
"ETH","1700068600","1700068601","1","2008.72566943"
"BTC","1700068463","1700068465","2","36393.13412534"
"BTC","1700068944","1700068952","8","36333.0075"
"SOL","1700069064","1700069072","8","61.02011483"
"BTC","1700069001","1700069003","2","36361.929987652"
"ETH","1700069050","1700069056","6","2007.88749647"
"BTC","1700068695","1700068698","3","36432.639792025"
"BTC","1700068968","1700068972","4","36344.871770082"
"BTC","1700069158","1700069162","4","36402.88375"
"ETH","1700069004","1700069008","4","2005.974824015"
"BTC","1700068964","1700068971","7","36351.61565468"
"ETH","1700069040","1700069082","42","2007.95327386"
"BTC","1700068662","1700068663","1","36406.34417804"
"SOL","1700068641","1700068649","8","61.40981774"
"BTC","1700068855","1700068861","6","36396.004887185"
"BTC","1700068872","1700068876","4","36352.462737835"
"SOL","1700068904","1700068911","7","61.07961836"
"ETH","1700068435","1700068438","3","2009.032495486"
"BTC","1700069003","1700069008","5","36365.553648485"
"ETH","1700069115","1700069122","7","2007.49"
"ETH","1700069161","1700069169","8","2008.893084166"
"BTC","1700068625","1700068631","6","36414.233636195"
"ETH","1700069013","1700069019","6","2006.45095218"
"ETH","1700068965","1700068969","4","2005.402355823"
"SOL","1700068755","1700068756","1","61.27034"
"ETH","1700068689","1700068694","5","2009.25252569"
"BTC","1700069098","1700069103","5","36368.684579985"
"SOL","1700068510","1700068511","1","61.28348253"
"SOL","1700068729","1700068735","6","61.3243686"
"BTC","1700069103","1700069148","45","36373.371998865"
"SOL","1700068621","1700068623","2","61.3314928"
"ETH","1700068956","1700068966","10","2005.51343894"
"ETH","1700068619","1700068623","4","2009.249009781"
"ETH","1700068687","1700068689","2","2009.150504071"
"SOL","1700068834","1700068838","4","61.247675"
"SOL","1700068990","1700068996","6","61.050006655"
"BTC","1700069130","1700069148","18","36381.3745"
"SOL","1700068600","1700068601","1","61.19552243"
"BTC","1700068917","1700068920","3","36326.353"
"ETH","1700068988","1700068990","2","2005.738347225"
"ETH","1700069149","1700069153","4","2008.3520134"
"SOL","1700068815","1700068817","2","61.238027275"
"SOL","1700069064","1700069073","9","61.02011483"
"BTC","1700068978","1700068982","4","36346.439125405"
"SOL","1700069068","1700069072","4","61.00376654"
"SOL","1700068977","1700068984","7","61.05007297"
"ETH","1700068865","1700068868","3","2007.838338055"
"SOL","1700069119","1700069123","4","61.068685445"
"ETH","1700068541","1700068542","1","2008.84424503"
"ETH","1700068517","1700068521","4","2008.62853881"
"ETH","1700068451","1700068452","1","2008.55375905"
"ETH","1700068630","1700068633","3","2009.19856686"
"ETH","1700068849","1700068849","0","2008.228522015"
"BTC","1700068918","1700068920","2","36328.04205389"
"SOL","1700069150","1700069153","3","61.11092333"
"ETH","1700069121","1700069123","2","2007.79329116"
"BTC","1700068950","1700068954","4","36354.079737205"
"SOL","1700068753","1700068760","7","61.26665125"
"ETH","1700069010","1700069017","7","2006.241286"
"ETH","1700068847","1700068850","3","2008.29775037"
"ETH","1700068930","1700068932","2","2006.3"
"ETH","1700068646","1700068650","4","2008.767395995"
"ETH","1700068772","1700068778","6","2005.807865085"
"SOL","1700069005","1700069008","3","61.02103952"
"ETH","1700069117","1700069120","3","2007.68654807"
"SOL","1700068935","1700068937","2","61.09122238"
"ETH","1700069029","1700069034","5","2007.53401363"
"BTC","1700068873","1700068880","7","36352.905516362"
"SOL","1700068634","1700068636","2","61.407569261"
"BTC","1700068868","1700068870","2","36373.408334533"
"ETH","1700068914","1700068919","5","2005.588290448"
"ETH","1700068939","1700068944","5","2005.925384615"
"SOL","1700068794","1700068796","2","61.15959733"
"ETH","1700068954","1700068958","4","2005.667170023"
"ETH","1700068984","1700068988","4","2005.70477575"
"BTC","1700069099","1700069103","4","36370.18275"
"ETH","1700068936","1700068941","5","2006.42411528"
"BTC","1700068621","1700068623","2","36413.195106125"
"SOL","1700069165","1700069167","2","61.28179421"
"ETH","1700068905","1700068911","6","2005.459073058"
"SOL","1700068717","1700068719","2","61.32060874"
"ETH","1700068381","1700068384","3","2007.80420463"
"SOL","1700068598","1700068601","3","61.18781246"
"BTC","1700068806","1700068808","2","36398.76184768"
"BTC","1700068775","1700068779","4","36394.348097885"
"SOL","1700068932","1700068937","5","61.089037345"
"BTC","1700068479","1700068484","5","36392.62816773"
"BTC","1700068978","1700068982","4","36346.439125405"
"ETH","1700069133","1700069137","4","2007.71539558"
"BTC","1700068471","1700068473","2","36391.950205625"
"SOL","1700069151","1700069153","2","61.11291246"
"SOL","1700068829","1700068835","6","61.23755729"
"BTC","1700068599","1700068601","2","36388.21287956"
"BTC","1700068879","1700068885","6","36350.8715437"
"SOL","1700068657","1700068662","5","61.288906875"
"ETH","1700068973","1700068977","4","2005.460482448"
"BTC","1700069051","1700069082","31","36383.45221789"
"SOL","1700068893","1700068899","6","61.05164375"
"ETH","1700068935","1700068937","2","2006.27205764"
"ETH","1700069077","1700069082","5","2005.866873756"
"ETH","1700069081","1700069084","3","2006.062152155"
"ETH","1700068686","1700068690","4","2009.145"
"SOL","1700068707","1700068712","5","61.38023627"
"BTC","1700069128","1700069130","2","36381.6719509"
"SOL","1700068962","1700068965","3","61.07079141"
"BTC","1700069058","1700069063","5","36385.50202528"
"BTC","1700068941","1700068944","3","36333.21606863"
"SOL","1700069115","1700069122","7","61.00902802"
"SOL","1700069060","1700069065","5","61.067716685"
"BTC","1700068816","1700068824","8","36400.72835256"
"BTC","1700068948","1700068954","6","36350.286906235"
"SOL","1700068988","1700068989","1","61.05368438"
"BTC","1700069092","1700069095","3","36362.623853215"
"ETH","1700068716","1700068720","4","2008.23936602"
"ETH","1700068945","1700068952","7","2006.20041554"
"SOL","1700068747","1700068753","6","61.290126165"
"ETH","1700068909","1700068914","5","2005.49413387"
"SOL","1700068621","1700068623","2","61.3314928"
"BTC","1700068493","1700068500","7","36393.17643156"
"BTC","1700068826","1700068829","3","36402.542660173"
"BTC","1700069069","1700069082","13","36358.9050025"
"BTC","1700068924","1700068927","3","36325.58850983"
"SOL","1700068834","1700068838","4","61.247675"
"ETH","1700069104","1700069105","1","2006.7125"
"ETH","1700068978","1700068983","5","2005.48"
"SOL","1700068862","1700068863","1","61.196856198"
"BTC","1700069005","1700069009","4","36367.09928024"
"SOL","1700069064","1700069073","9","61.02011483"
"SOL","1700068739","1700068743","4","61.29970222"
"BTC","1700068416","1700068418","2","36379.215"
"ETH","1700068707","1700068715","8","2009.01019496"
"BTC","1700068750","1700068753","3","36399.687098161"
"SOL","1700068826","1700068829","3","61.24155686"
"SOL","1700068406","1700068409","3","61.3275"
"SOL","1700069047","1700069051","4","61.08998778"
"SOL","1700068796","1700068799","3","61.16067602"
"BTC","1700068684","1700068686","2","36425.389362965"
"BTC","1700068891","1700068893","2","36333.63369091"
"ETH","1700068479","1700068484","5","2008.32"
"SOL","1700068864","1700068868","4","61.20343667"
"ETH","1700068526","1700068534","8","2008.78159381"
"BTC","1700068792","1700068794","2","36391.926191921"
"BTC","1700068905","1700068914","9","36324.10382839"
"BTC","1700069027","1700069081","54","36381.268347743"
"BTC","1700069130","1700069148","18","36381.3745"
"SOL","1700068629","1700068631","2","61.405543905"
"ETH","1700068600","1700068601","1","2008.72566943"
"ETH","1700068657","1700068663","6","2008.85571169"
"SOL","1700068678","1700068680","2","61.27534155"
"ETH","1700068476","1700068478","2","2008.32637564"
"BTC","1700068817","1700068824","7","36392.29507453"
"ETH","1700068821","1700068826","5","2007.285"
"ETH","1700068903","1700068906","3","2005.493361905"
"BTC","1700068823","1700068826","3","36398.22796203"
"SOL","1700068725","1700068726","1","61.33019674"
"SOL","1700069008","1700069017","9","61.01812669"
"BTC","1700069010","1700069019","9","36367.348571971"
"ETH","1700069070","1700069072","2","2006.11382509"
"SOL","1700068619","1700068623","4","61.33235067"
"BTC","1700068676","1700068680","4","36420.19166182"
"ETH","1700068792","1700068794","2","2006.31339011"
"SOL","1700068805","1700068808","3","61.185450795"
"SOL","1700068945","1700068954","9","61.0560535"
"SOL","1700069122","1700069127","5","61.08636093"
"ETH","1700069015","1700069019","4","2007.1525"
"SOL","1700068883","1700068886","3","61.07136473"
"ETH","1700068813","1700068816","3","2008.01875"
"SOL","1700069063","1700069067","4","61.026377385"
"SOL","1700068410","1700068411","1","61.284082335"
"ETH","1700068438","1700068439","1","2009.08"
"SOL","1700068808","1700068810","2","61.198501331"
"BTC","1700069025","1700069084","59","36378.09562794"
"ETH","1700069091","1700069093","2","2006.41095329"
"ETH","1700069025","1700069084","59","2007.476332525"
"SOL","1700069026","1700069034","8","61.04"
"SOL","1700069047","1700069051","4","61.08998778"
"SOL","1700068730","1700068735","5","61.327048523"
"BTC","1700069099","1700069102","3","36370.18275"
"BTC","1700068788","1700068789","1","36382"
"BTC","1700069003","1700069009","6","36365.553648485"
"ETH","1700069083","1700069150","67","2006.15162819"
"ETH","1700068839","1700068844","5","2008.249647195"
"BTC","1700068600","1700068601","1","36388.72451146"
"BTC","1700068671","1700068679","8","36421.449544578"
"BTC","1700068673","1700068680","7","36421.521211245"
"BTC","1700068692","1700068694","2","36429.637"
"SOL","1700068788","1700068789","1","61.177263055"
"ETH","1700068615","1700068617","2","2009.61365447"
"ETH","1700068788","1700068789","1","2006.169627286"
"ETH","1700068658","1700068663","5","2008.89"
"BTC","1700068838","1700068844","6","36415.060363053"
"SOL","1700068928","1700068932","4","61.0960672"
"BTC","1700069011","1700069019","8","36371.426905305"
"ETH","1700069055","1700069057","2","2007.74827405"
"BTC","1700068643","1700068650","7","36420.92439071"
"SOL","1700069015","1700069019","4","61.10375673"
"ETH","1700068954","1700068958","4","2005.667170023"
"SOL","1700068868","1700068869","1","61.17897987"
"SOL","1700068746","1700068755","9","61.30354693"
"ETH","1700068741","1700068743","2","2007.7825"
"SOL","1700068679","1700068683","4","61.26857142"
"BTC","1700068477","1700068479","2","36392.591698395"
"ETH","1700068636","1700068641","5","2009.07633075"
"ETH","1700068898","1700068901","3","2005.52209874"
"ETH","1700068911","1700068914","3","2005.59201371"
"ETH","1700069137","1700069139","2","2007.82414558"
"BTC","1700068617","1700068620","3","36415.34237744"
"BTC","1700068996","1700068997","1","36361.656666666"
"BTC","1700068831","1700068835","4","36409.914765067"
"BTC","1700068984","1700068986","2","36354.05741027"
"ETH","1700069148","1700069153","5","2008.338987465"
"ETH","1700068719","1700068725","6","2008.35536464"
"ETH","1700069042","1700069045","3","2008.078224255"
"SOL","1700069123","1700069130","7","61.07889589"
"ETH","1700068534","1700068535","1","2008.344836535"
"BTC","1700068676","1700068680","4","36420.19166182"
"ETH","1700068842","1700068849","7","2008.28749999"
"ETH","1700068850","1700068852","2","2008.1722743"
"ETH","1700068481","1700068485","4","2008.514166666"
"BTC","1700068714","1700068716","2","36416.287760135"
"ETH","1700068630","1700068633","3","2009.19856686"
"SOL","1700068669","1700068679","10","61.27475565"
"ETH","1700068808","1700068809","1","2007.582456595"
"BTC","1700069005","1700069008","3","36367.09928024"
"BTC","1700069021","1700069025","4","36380.7475"
"ETH","1700069112","1700069114","2","2007.0532381"
"BTC","1700068788","1700068789","1","36382"
"SOL","1700068905","1700068911","6","61.07358052"
"BTC","1700068958","1700068966","8","36341.6455"
"ETH","1700068608","1700068612","4","2008.88379958"
"BTC","1700068457","1700068461","4","36394.1675"
"SOL","1700068655","1700068659","4","61.28905356"
"ETH","1700068906","1700068914","8","2005.595"
"ETH","1700068967","1700068972","5","2005.326519265"
"ETH","1700068730","1700068735","5","2008.2883808"
"ETH","1700068738","1700068742","4","2008.06923498"
"ETH","1700069091","1700069093","2","2006.41095329"
"SOL","1700068579","1700068582","3","61.15255691"
"BTC","1700068602","1700068603","1","36390.39861318"
"BTC","1700068701","1700068706","5","36428.64075742"
"BTC","1700068848","1700068849","1","36403.08180861"
"SOL","1700068839","1700068844","5","61.25280876"
"ETH","1700068864","1700068868","4","2007.7925"
"SOL","1700069005","1700069008","3","61.02103952"
"SOL","1700069055","1700069057","2","61.1068"
"BTC","1700069064","1700069072","8","36372.973252068"
"SOL","1700068822","1700068826","4","61.22819277"
"ETH","1700069132","1700069137","5","2007.75375"
"ETH","1700069157","1700069161","4","2008.88957331"
"BTC","1700068600","1700068601","1","36388.72451146"
"SOL","1700068652","1700068655","3","61.30385777"
"BTC","1700068829","1700068832","3","36406.85293069"
"ETH","1700068769","1700068772","3","2005.625307555"
"ETH","1700068808","1700068812","4","2007.582456595"
"SOL","1700068684","1700068686","2","61.310971215"
"BTC","1700068424","1700068427","3","36373.384295855"
"BTC","1700068607","1700068608","1","36402.27494254"
"BTC","1700069045","1700069084","39","36391.004728207"
"SOL","1700068443","1700068444","1","61.25482615"
"SOL","1700068946","1700068954","8","61.060823725"
"BTC","1700068997","1700068999","2","36360.118666253"
"BTC","1700068632","1700068636","4","36416.18231726"
"ETH","1700068638","1700068641","3","2009.14409464"
"ETH","1700068756","1700068760","4","2006.207098508"
"ETH","1700068643","1700068649","6","2008.92"
"BTC","1700068686","1700068688","2","36426.01335651"
"ETH","1700069051","1700069083","32","2007.65709635"
"BTC","1700068652","1700068655","3","36406.58266204"
"SOL","1700068934","1700068937","3","61.09061287"
"ETH","1700068785","1700068787","2","2006.040317775"
"BTC","1700069057","1700069063","6","36387.892171589"
"ETH","1700069089","1700069091","2","2006.317240485"
"ETH","1700068823","1700068826","3","2007.26"
"ETH","1700068610","1700068612","2","2009.34146909"
"SOL","1700068881","1700068887","6","61.08733936"
"ETH","1700068611","1700068614","3","2009.42657409"
"ETH","1700069023","1700069081","58","2007.37170732"
"ETH","1700068934","1700068937","3","2006.46064818"
"BTC","1700068958","1700068966","8","36341.6455"
"BTC","1700068977","1700068984","7","36346.901625405"
"BTC","1700068558","1700068563","5","36398.3979174"
"SOL","1700068679","1700068683","4","61.26857142"
"ETH","1700069029","1700069034","5","2007.53401363"
"SOL","1700068521","1700068524","3","61.29905597"
"ETH","1700068526","1700068534","8","2008.78159381"
"BTC","1700068724","1700068726","2","36417.58319939"
"BTC","1700069077","1700069083","6","36355.0925"
"BTC","1700068669","1700068679","10","36421.33637653"
"BTC","1700068655","1700068659","4","36406.545"
"BTC","1700068903","1700068914","11","36324.74680555"
"ETH","1700069112","1700069114","2","2007.0532381"
"ETH","1700068639","1700068641","2","2009.05903744"
"BTC","1700068851","1700068852","1","36406.036634615"
"SOL","1700068600","1700068601","1","61.19552243"
"SOL","1700068700","1700068704","4","61.3957375"
"SOL","1700068683","1700068686","3","61.307252693"
"SOL","1700068454","1700068461","7","61.28375"
"SOL","1700068839","1700068844","5","61.25280876"
"ETH","1700069021","1700069025","4","2007.316029225"
"ETH","1700069146","1700069148","2","2008.285"
"SOL","1700068471","1700068473","2","61.22257227"
"SOL","1700068634","1700068639","5","61.407569261"
"ETH","1700068697","1700068698","1","2009.6325"
"BTC","1700068738","1700068742","4","36408.32736127"
"BTC","1700068968","1700068972","4","36344.871770082"
"BTC","1700068805","1700068808","3","36395.310454545"
"ETH","1700068800","1700068802","2","2007.01032523"
"ETH","1700068434","1700068436","2","2009.09769244"
"SOL","1700068709","1700068715","6","61.38386075"
"BTC","1700069128","1700069130","2","36381.6719509"
"BTC","1700069139","1700069142","3","36387.818917366"
"ETH","1700068735","1700068739","4","2007.87350631"
"SOL","1700069104","1700069105","1","60.938223333"
"BTC","1700068936","1700068940","4","36334.125"
"ETH","1700069142","1700069148","6","2008.16199297"
"ETH","1700069036","1700069084","48","2007.65731904"
"ETH","1700068646","1700068651","5","2008.767395995"
"ETH","1700068890","1700068893","3","2005.8569306"
"BTC","1700068872","1700068880","8","36352.462737835"
"SOL","1700068524","1700068526","2","61.3014115"
"BTC","1700068790","1700068794","4","36391.97834443"
"SOL","1700068424","1700068427","3","61.31880484"
"ETH","1700069144","1700069148","4","2008.178367305"
"SOL","1700068441","1700068450","9","61.2608216"
"ETH","1700068994","1700068996","2","2005.985"
"ETH","1700068921","1700068927","6","2005.569464285"
"SOL","1700068739","1700068743","4","61.29970222"
"BTC","1700068980","1700068984","4","36348.010849751"
"ETH","1700068750","1700068753","3","2006.45081114"
"ETH","1700069032","1700069034","2","2007.601504978"
"ETH","1700069036","1700069081","45","2007.65731904"
"SOL","1700069117","1700069121","4","61.0827302"
"BTC","1700069127","1700069130","3","36383.950533545"
"ETH","1700068770","1700068773","3","2005.69774548"
"BTC","1700068710","1700068717","7","36424.143970545"
"BTC","1700068685","1700068686","1","36425.130878364"
"BTC","1700068725","1700068726","1","36419.378571428"
"SOL","1700068731","1700068739","8","61.310629775"
"BTC","1700068625","1700068630","5","36414.233636195"
"ETH","1700068654","1700068657","3","2008.97536838"
"ETH","1700068803","1700068808","5","2006.86"
"ETH","1700068819","1700068826","7","2007.34"
"ETH","1700068451","1700068451","0","2008.55375905"
"BTC","1700068891","1700068893","2","36333.63369091"
"BTC","1700068919","1700068920","1","36326.8"
"SOL","1700068755","1700068756","1","61.27034"
"BTC","1700068621","1700068623","2","36413.195106125"
"SOL","1700068644","1700068652","8","61.4075"
"SOL","1700068921","1700068927","6","61.06274291"
"SOL","1700069098","1700069104","6","60.89997583"
"ETH","1700068911","1700068915","4","2005.59201371"
"ETH","1700068521","1700068524","3","2008.78115418"
"SOL","1700069096","1700069148","52","60.90122965"
"SOL","1700069040","1700069084","44","61.02273071"
"SOL","1700069125","1700069130","5","61.048194005"
"SOL","1700068973","1700068977","4","61.04756372"
"SOL","1700068719","1700068723","4","61.32633708"
"ETH","1700069078","1700069082","4","2005.91437029"
"ETH","1700068895","1700068901","6","2005.51016021"
"SOL","1700068996","1700068997","1","61.029472155"
"BTC","1700068815","1700068817","2","36402.454436955"
"ETH","1700069091","1700069093","2","2006.41095329"
"BTC","1700068654","1700068659","5","36417.975436625"
"BTC","1700068714","1700068716","2","36416.287760135"
"BTC","1700068861","1700068863","2","36396.27111781"
"BTC","1700069131","1700069137","6","36381.11378862"
"ETH","1700068823","1700068826","3","2007.26"
"BTC","1700068788","1700068789","1","36382"
"ETH","1700068874","1700068878","4","2006.076573015"
"ETH","1700068513","1700068518","5","2008.62"
"ETH","1700068755","1700068756","1","2006.2867121"
"ETH","1700068900","1700068901","1","2005.58170322"
"SOL","1700069156","1700069157","1","61.217885085"
"SOL","1700068687","1700068689","2","61.359400655"
"BTC","1700068637","1700068641","4","36417.83287744"
"ETH","1700068725","1700068726","1","2008.2833808"
"BTC","1700068698","1700068700","2","36432.454789626"
"ETH","1700068780","1700068785","5","2005.79418365"
"BTC","1700068977","1700068982","5","36346.901625405"
"ETH","1700069019","1700069031","12","2007.29162854"
"SOL","1700068796","1700068799","3","61.16067602"
"BTC","1700068890","1700068893","3","36335.094425785"
"BTC","1700068727","1700068730","3","36418.97217986"
"SOL","1700068968","1700068972","4","61.0695557"
"SOL","1700069023","1700069084","61","61.071883235"
"BTC","1700069065","1700069072","7","36367.843384346"
"BTC","1700068830","1700068835","5","36406.25163446"
"BTC","1700068850","1700068852","2","36407.511293375"
"BTC","1700068780","1700068784","4","36390.4"
"BTC","1700068826","1700068828","2","36402.542660173"
"SOL","1700069021","1700069031","10","61.08771451"
"SOL","1700068808","1700068813","5","61.198501331"
"BTC","1700069009","1700069019","10","36365.880655305"
"BTC","1700068826","1700068829","3","36402.542660173"
"ETH","1700069028","1700069034","6","2007.449179065"
"BTC","1700069045","1700069084","39","36391.004728207"
"BTC","1700068747","1700068753","6","36406.800092719"
"SOL","1700068729","1700068735","6","61.3243686"
"SOL","1700068856","1700068861","5","61.18530535"
"BTC","1700068959","1700068966","7","36341.24072782"
"BTC","1700068738","1700068743","5","36408.32736127"
"ETH","1700068760","1700068762","2","2005.56"
"ETH","1700068967","1700068972","5","2005.326519265"
"BTC","1700069057","1700069063","6","36387.892171589"
"ETH","1700069112","1700069114","2","2007.0532381"
"SOL","1700068697","1700068698","1","61.40105637"
"ETH","1700069021","1700069026","5","2007.316029225"
"SOL","1700069058","1700069064","6","61.088773328"
"ETH","1700068856","1700068861","5","2007.66739592"
"BTC","1700068972","1700068979","7","36346.825433085"
"ETH","1700068613","1700068617","4","2009.6125"
"ETH","1700068837","1700068845","8","2008.18725975"
"BTC","1700068910","1700068914","4","36327.416863545"
"SOL","1700068882","1700068889","7","61.10340891"
"BTC","1700068757","1700068761","4","36390.3375"
"ETH","1700068629","1700068631","2","2009.0525"
"BTC","1700068996","1700068997","1","36361.656666666"
"BTC","1700069068","1700069072","4","36359.02125125"
"ETH","1700069130","1700069148","18","2007.73664558"
"BTC","1700069161","1700069164","3","36400.51170399"
"BTC","1700069039","1700069045","6","36390.410833333"
"ETH","1700068474","1700068476","2","2008.290293635"
"BTC","1700068551","1700068554","3","36398.07875"
"ETH","1700068751","1700068753","2","2006.43974464"
"ETH","1700069132","1700069137","5","2007.75375"
"BTC","1700068906","1700068911","5","36323.045242863"
"BTC","1700068971","1700068973","2","36346.390433085"
"ETH","1700068539","1700068542","3","2008.79814203"
"SOL","1700068865","1700068869","4","61.20215142"
"BTC","1700068918","1700068920","2","36328.04205389"
"BTC","1700068809","1700068813","4","36400.889837106"
"ETH","1700068954","1700068958","4","2005.667170023"
"ETH","1700068735","1700068740","5","2007.87350631"
"ETH","1700068809","1700068813","4","2007.65600687"
"ETH","1700069039","1700069045","6","2007.928803355"
"SOL","1700069146","1700069148","2","61.103524535"
"SOL","1700068633","1700068636","3","61.39495446"
"ETH","1700068760","1700068762","2","2005.56"
"ETH","1700068802","1700068808","6","2006.8275"
"SOL","1700068805","1700068808","3","61.185450795"
"BTC","1700068736","1700068739","3","36417.491245196"
"SOL","1700068834","1700068838","4","61.247675"
"ETH","1700068979","1700068983","4","2005.38684158"
"ETH","1700069065","1700069076","11","2006.72477617"
"SOL","1700069107","1700069109","2","60.960144785"
"BTC","1700069111","1700069114","3","36373.95"
"SOL","1700068908","1700068914","6","61.07139296"
"BTC","1700068856","1700068861","5","36395.38445746"
"SOL","1700069100","1700069105","5","60.916080015"
"BTC","1700068878","1700068880","2","36350.792469512"
"ETH","1700068870","1700068872","2","2006.97850017"
"BTC","1700068614","1700068620","6","36400.965"
"BTC","1700068966","1700068972","6","36347.034435935"
"ETH","1700068739","1700068743","4","2008.00339258"
"ETH","1700068821","1700068826","5","2007.285"
"BTC","1700068906","1700068911","5","36323.045242863"
"SOL","1700068556","1700068563","7","61.13563"
"ETH","1700069129","1700069132","3","2007.77625"
"BTC","1700069136","1700069138","2","36382.1134375"
"SOL","1700069117","1700069119","2","61.0827302"
"SOL","1700068799","1700068801","2","61.14797619"
"ETH","1700069116","1700069120","4","2007.62304427"
"ETH","1700068663","1700068665","2","2009"
"ETH","1700068775","1700068780","5","2005.9301705"
"SOL","1700068418","1700068419","1","61.291554665"
"SOL","1700068839","1700068845","6","61.25280876"
"ETH","1700068522","1700068526","4","2008.98678798"
"BTC","1700068561","1700068565","4","36399.716040611"
"SOL","1700069021","1700069029","8","61.08771451"
"ETH","1700068680","1700068686","6","2009.06223971"
"SOL","1700068775","1700068777","2","61.18925"
"SOL","1700068978","1700068983","5","61.04430375"
"SOL","1700068776","1700068779","3","61.19135819"
"SOL","1700069006","1700069008","2","61.02866556"
"BTC","1700068958","1700068966","8","36341.6455"
"BTC","1700069098","1700069101","3","36368.684579985"
"BTC","1700068834","1700068838","4","36412.692859343"
"BTC","1700068598","1700068601","3","36400.58128966"
"ETH","1700069082","1700069084","2","2006.05524785"
"BTC","1700069091","1700069093","2","36362.626476245"
"ETH","1700068930","1700068932","2","2006.3"
"ETH","1700068602","1700068603","1","2008.81636336"
"SOL","1700068687","1700068689","2","61.359400655"
"BTC","1700069148","1700069150","2","36392.949804713"
"SOL","1700068530","1700068534","4","61.250396071"
"SOL","1700068721","1700068725","4","61.319602705"
"ETH","1700068458","1700068461","3","2009.07708136"
"BTC","1700068944","1700068948","4","36333.0075"
"BTC","1700068946","1700068954","8","36341.145622544"
"SOL","1700069039","1700069045","6","61.026365355"
"SOL","1700069089","1700069091","2","60.92538999"
"BTC","1700068744","1700068746","2","36417.446797075"
"BTC","1700068921","1700068926","5","36327.780625"
"SOL","1700068717","1700068719","2","61.32060874"
"BTC","1700069021","1700069031","10","36380.7475"
"SOL","1700069100","1700069105","5","60.916080015"
"SOL","1700068672","1700068680","8","61.29410734"
"SOL","1700068609","1700068612","3","61.27845132"
"SOL","1700069158","1700069162","4","61.21659447"
"ETH","1700068563","1700068565","2","2008.50665569"
"SOL","1700069003","1700069008","5","61.01936187"
"SOL","1700069092","1700069095","3","60.87776201"
"ETH","1700068801","1700068806","5","2006.834117275"
"BTC","1700068782","1700068789","7","36390.07132853"
"BTC","1700068647","1700068649","2","36417.227636095"
"BTC","1700068856","1700068861","5","36395.38445746"
"BTC","1700068927","1700068932","5","36331.27"
"ETH","1700068690","1700068694","4","2009.21266227"
"SOL","1700068567","1700068572","5","61.156876745"
"SOL","1700069039","1700069045","6","61.026365355"
"SOL","1700068976","1700068983","7","61.05057297"
"ETH","1700069051","1700069084","33","2007.65709635"
"SOL","1700069149","1700069153","4","61.104591"
"BTC","1700068806","1700068808","2","36398.76184768"
"ETH","1700068771","1700068778","7","2005.62294984"
"SOL","1700068839","1700068844","5","61.25280876"
"ETH","1700068956","1700068966","10","2005.51343894"
"ETH","1700069010","1700069019","9","2006.241286"
"SOL","1700068971","1700068972","1","61.06406404"
"BTC","1700068488","1700068493","5","36385.45982674"
"ETH","1700068600","1700068601","1","2008.72566943"
"BTC","1700068717","1700068719","2","36416.23139964"
"SOL","1700068878","1700068880","2","61.09938953"
"BTC","1700068759","1700068761","2","36382.82581006"
"ETH","1700068955","1700068964","9","2005.536280675"
"BTC","1700068977","1700068984","7","36346.901625405"
"BTC","1700068863","1700068868","5","36396.737481518"
"ETH","1700068633","1700068636","3","2009.045028405"
"ETH","1700068428","1700068435","7","2008.806362696"
"BTC","1700069092","1700069096","4","36362.623853215"
"SOL","1700068623","1700068629","6","61.364600695"
"ETH","1700068729","1700068735","6","2008.131412622"
"ETH","1700069107","1700069109","2","2007.000068775"
"ETH","1700068501","1700068505","4","2008.543405805"
"SOL","1700068437","1700068438","1","61.266666666"
"ETH","1700069062","1700069066","4","2007.232197205"
"SOL","1700068976","1700068984","8","61.05057297"
"BTC","1700068670","1700068678","8","36419.725272803"
"BTC","1700068598","1700068601","3","36400.58128966"
"SOL","1700068600","1700068601","1","61.19552243"
"ETH","1700068388","1700068391","3","2008.731769445"
"BTC","1700069083","1700069148","65","36359.00375"
"ETH","1700068958","1700068966","8","2005.63583558"
"SOL","1700068801","1700068806","5","61.14489525"
"ETH","1700068761","1700068763","2","2005.495453705"
"BTC","1700069064","1700069072","8","36372.973252068"
"ETH","1700069083","1700069148","65","2006.15162819"
"BTC","1700068864","1700068868","4","36396.919148185"
"ETH","1700069119","1700069123","4","2007.6626275"
"SOL","1700069144","1700069148","4","61.11225901"
"SOL","1700069031","1700069035","4","61.05505532"
"ETH","1700068768","1700068770","2","2005.60090879"
"SOL","1700068601","1700068602","1","61.1971955"
"BTC","1700068671","1700068679","8","36421.449544578"
"ETH","1700069062","1700069066","4","2007.232197205"
"ETH","1700069092","1700069095","3","2006.48347808"
"BTC","1700069156","1700069157","1","36398.11025475"
"BTC","1700068738","1700068742","4","36408.32736127"
"SOL","1700068831","1700068835","4","61.244515485"
"BTC","1700068616","1700068620","4","36414.65052521"
"ETH","1700068579","1700068583","4","2008.37941186"
"ETH","1700068702","1700068706","4","2009.17398093"
"SOL","1700068945","1700068954","9","61.0560535"
"BTC","1700068766","1700068768","2","36389.51558424"
"BTC","1700068791","1700068794","3","36381.95"
"BTC","1700068621","1700068623","2","36413.195106125"
"SOL","1700068703","1700068706","3","61.36627005"
"SOL","1700068710","1700068716","6","61.346998275"
"BTC","1700068895","1700068901","6","36325.620990478"
"BTC","1700069014","1700069019","5","36381.891327835"
"SOL","1700068789","1700068794","5","61.152840705"
"BTC","1700069022","1700069027","5","36379.895"
"SOL","1700068709","1700068712","3","61.38386075"
"SOL","1700069148","1700069153","5","61.0962935"
"SOL","1700068669","1700068678","9","61.27475565"
"BTC","1700068855","1700068861","6","36396.004887185"
"BTC","1700068770","1700068771","1","36388.565460565"
"SOL","1700069006","1700069009","3","61.02866556"
"ETH","1700068657","1700068663","6","2008.85571169"
"SOL","1700068632","1700068634","2","61.40240964"
"ETH","1700068525","1700068534","9","2008.67811778"
"ETH","1700068696","1700068698","2","2009.635"
"ETH","1700068796","1700068800","4","2006.696601525"
"BTC","1700068609","1700068612","3","36403.664211563"
"ETH","1700068904","1700068909","5","2005.488361905"
"ETH","1700068926","1700068927","1","2005.57021003"
"ETH","1700068998","1700068999","1","2005.845"
"BTC","1700068965","1700068968","3","36349.606400906"
"ETH","1700068636","1700068641","5","2009.07633075"
"ETH","1700068579","1700068581","2","2008.37941186"
"SOL","1700068837","1700068841","4","61.25"
"SOL","1700068685","1700068686","1","61.30121769"
"BTC","1700068770","1700068773","3","36388.565460565"
"ETH","1700068808","1700068812","4","2007.582456595"
"BTC","1700068937","1700068944","7","36337.680277777"
"ETH","1700068722","1700068725","3","2008.29"
"BTC","1700068880","1700068889","9","36348.032624531"
"ETH","1700069098","1700069103","5","2006.621356"
"BTC","1700068941","1700068944","3","36333.21606863"
"BTC","1700068671","1700068679","8","36421.449544578"
"ETH","1700068753","1700068760","7","2006.28"
"SOL","1700068431","1700068435","4","61.308655118"
"BTC","1700068669","1700068678","9","36421.33637653"
"BTC","1700068696","1700068698","2","36432.859240805"
"SOL","1700068780","1700068781","1","61.20059479"
"SOL","1700069144","1700069148","4","61.11225901"
"ETH","1700068736","1700068740","4","2007.91367293"
"BTC","1700068755","1700068756","1","36395.532884615"
"SOL","1700068619","1700068623","4","61.33235067"
"SOL","1700068439","1700068441","2","61.26646164"
"ETH","1700068856","1700068861","5","2007.66739592"
"ETH","1700068700","1700068706","6","2009.42"
"BTC","1700068788","1700068789","1","36382"
"BTC","1700068969","1700068972","3","36345.333314345"
"SOL","1700068913","1700068920","7","61.054281695"
"ETH","1700068511","1700068513","2","2008.5075"
"SOL","1700069003","1700069009","6","61.01936187"
"ETH","1700069023","1700069081","58","2007.37170732"
"ETH","1700068549","1700068551","2","2008.46495985"
"BTC","1700068745","1700068754","9","36417.170326305"
"SOL","1700068806","1700068808","2","61.17945035"
"SOL","1700068870","1700068873","3","61.13683681"
"SOL","1700069099","1700069102","3","60.90527637"
"SOL","1700068461","1700068464","3","61.308495"
"ETH","1700068718","1700068720","2","2008.24875"
"BTC","1700068796","1700068799","3","36393.511552635"
"ETH","1700068862","1700068863","1","2007.745160853"
"BTC","1700068788","1700068789","1","36382"
"BTC","1700068403","1700068404","1","36385.5275024"
"BTC","1700068691","1700068694","3","36429.396666661"
"ETH","1700068472","1700068473","1","2008.384980925"
"ETH","1700068864","1700068868","4","2007.7925"
"SOL","1700068763","1700068766","3","61.25299999"
"SOL","1700068743","1700068745","2","61.293527545"
"SOL","1700068773","1700068778","5","61.18818408"
"SOL","1700068454","1700068458","4","61.28375"
"SOL","1700068428","1700068435","7","61.33819592"
"SOL","1700068637","1700068641","4","61.417891625"
"ETH","1700068816","1700068821","5","2007.741923076"
"BTC","1700068914","1700068918","4","36327.811119807"
"ETH","1700068900","1700068901","1","2005.58170322"
"ETH","1700068958","1700068966","8","2005.63583558"
"ETH","1700068654","1700068657","3","2008.97536838"
"ETH","1700068715","1700068717","2","2008.51999999"
"ETH","1700068977","1700068984","7","2005.43"
"SOL","1700068735","1700068740","5","61.30266601"
"BTC","1700068997","1700068999","2","36360.118666253"
"SOL","1700069131","1700069131","0","61.05592403"
"BTC","1700069060","1700069066","6","36384.797885875"
"SOL","1700069137","1700069139","2","61.06179238"
"ETH","1700068782","1700068788","6","2005.94891885"
"ETH","1700068896","1700068901","5","2005.490326828"
"SOL","1700068717","1700068719","2","61.32060874"
"SOL","1700068958","1700068964","6","61.06413753"
"BTC","1700068489","1700068493","4","36391.340934693"
"BTC","1700068598","1700068601","3","36400.58128966"
"ETH","1700068648","1700068651","3","2008.567209575"
"ETH","1700068934","1700068937","3","2006.46064818"
"BTC","1700069025","1700069082","57","36378.09562794"
"SOL","1700068818","1700068826","8","61.2229573"
"SOL","1700068690","1700068694","4","61.365"
"ETH","1700068643","1700068649","6","2008.92"
"ETH","1700068760","1700068765","5","2005.56"
"BTC","1700068709","1700068713","4","36429.59917714"
"ETH","1700068880","1700068887","7","2006.23215219"
"ETH","1700069035","1700069042","7","2007.64590708"
"SOL","1700068832","1700068838","6","61.253775"
"BTC","1700068597","1700068600","3","36399.962145"
"ETH","1700068717","1700068719","2","2008.26"
"SOL","1700068468","1700068472","4","61.279725"
"ETH","1700068686","1700068688","2","2009.145"
"BTC","1700068555","1700068556","1","36395.530980744"
"SOL","1700069145","1700069148","3","61.1068472"
"SOL","1700068955","1700068963","8","61.0629557"
"ETH","1700068691","1700068694","3","2009.37700536"
"ETH","1700069150","1700069153","3","2008.49640794"
"BTC","1700068730","1700068735","5","36419.46681429"
"ETH","1700068616","1700068620","4","2009.713493901"
"BTC","1700068673","1700068678","5","36421.521211245"
"ETH","1700068966","1700068972","6","2005.328231315"
"BTC","1700068954","1700068959","5","36346.60036725"
"ETH","1700068560","1700068563","3","2008.34567231"
"BTC","1700068769","1700068773","4","36387.880691231"
"ETH","1700069049","1700069056","7","2007.639883325"
"ETH","1700069091","1700069093","2","2006.41095329"
"SOL","1700068739","1700068743","4","61.29970222"
"SOL","1700068694","1700068695","1","61.37481423"
"SOL","1700068390","1700068391","1","61.33300936"
"BTC","1700068703","1700068706","3","36430.317007825"
"SOL","1700068694","1700068695","1","61.37481423"
"ETH","1700068856","1700068861","5","2007.66739592"
"SOL","1700068884","1700068887","3","61.07551704"
"SOL","1700068764","1700068766","2","61.2507029"
"SOL","1700068935","1700068937","2","61.09122238"
"BTC","1700069128","1700069130","2","36381.6719509"
"BTC","1700069140","1700069150","10","36390.7459822"
"ETH","1700068554","1700068556","2","2008.13125"
"SOL","1700069119","1700069123","4","61.068685445"
"ETH","1700069027","1700069082","55","2007.45839078"
"ETH","1700068664","1700068666","2","2008.852490165"
"BTC","1700068803","1700068808","5","36393.704621682"
"BTC","1700068680","1700068686","6","36420.222665431"
"ETH","1700069048","1700069056","8","2007.656199688"
"BTC","1700068390","1700068392","2","36369.02381963"
"ETH","1700068403","1700068404","1","2009.287144605"
"BTC","1700068763","1700068766","3","36386.304903033"
"ETH","1700069152","1700069156","4","2008.56965598"
"BTC","1700068501","1700068505","4","36386.785994151"
"SOL","1700068493","1700068498","5","61.21021992"
"SOL","1700068997","1700069000","3","61.01957815"
"SOL","1700068862","1700068863","1","61.196856198"
"BTC","1700068843","1700068845","2","36413.408184275"
"BTC","1700068847","1700068849","2","36412.210904305"
"SOL","1700069027","1700069148","121","61.05477655"
"ETH","1700068798","1700068802","4","2006.8725"
"ETH","1700069122","1700069127","5","2007.75875"
"ETH","1700068714","1700068716","2","2008.38243184"
"ETH","1700068735","1700068740","5","2007.87350631"
"BTC","1700068608","1700068612","4","36404.102489"
"SOL","1700068660","1700068663","3","61.29780115"
"SOL","1700068664","1700068669","5","61.27102799"
"ETH","1700068643","1700068650","7","2008.92"
"ETH","1700068703","1700068706","3","2009.235"
"ETH","1700068579","1700068582","3","2008.37941186"
"BTC","1700068537","1700068541","4","36391.56780117"
"BTC","1700068755","1700068756","1","36395.532884615"
"ETH","1700068761","1700068762","1","2005.495453705"
"ETH","1700068806","1700068808","2","2007.29155335"
"SOL","1700068928","1700068932","4","61.0960672"
"BTC","1700069005","1700069009","4","36367.09928024"
"SOL","1700069098","1700069104","6","60.89997583"
"BTC","1700068470","1700068471","1","36393.964856901"
"BTC","1700068762","1700068765","3","36384.7515697"
"SOL","1700068742","1700068743","1","61.30402609"
"BTC","1700068882","1700068885","3","36343.404588669"
"ETH","1700068989","1700068995","6","2005.82"
"ETH","1700068621","1700068623","2","2009.009654385"
"BTC","1700068485","1700068487","2","36393.60394572"
"ETH","1700069146","1700069148","2","2008.285"
"BTC","1700068905","1700068914","9","36324.10382839"
"BTC","1700069142","1700069148","6","36390.7925"
"SOL","1700068647","1700068649","2","61.33815869"
"BTC","1700069077","1700069083","6","36355.0925"
"SOL","1700068499","1700068501","2","61.20186565"
"ETH","1700068983","1700068988","5","2005.622864135"
"ETH","1700068757","1700068760","3","2005.946808375"
"BTC","1700069000","1700069003","3","36359.452951745"
"ETH","1700069129","1700069132","3","2007.77625"
"SOL","1700069011","1700069019","8","61.04227953"
"BTC","1700068677","1700068679","2","36421.08370253"
"BTC","1700068564","1700068565","1","36388.59999999"
"SOL","1700068671","1700068680","9","61.289690105"
"BTC","1700068680","1700068684","4","36420.222665431"
"BTC","1700068524","1700068525","1","36397.40552038"
"ETH","1700068844","1700068848","4","2008.1575"
"ETH","1700068932","1700068937","5","2006.288518534"
"ETH","1700068657","1700068664","7","2008.85571169"
"SOL","1700069140","1700069148","8","61.09101989"
"BTC","1700068925","1700068927","2","36325.5878918"
"SOL","1700069029","1700069034","5","61.05540469"
"BTC","1700068452","1700068457","5","36390.964917609"
"SOL","1700068841","1700068844","3","61.253951165"
"BTC","1700069099","1700069103","4","36370.18275"
"ETH","1700068769","1700068771","2","2005.625307555"
"SOL","1700068530","1700068534","4","61.250396071"
"BTC","1700069143","1700069150","7","36390.36803785"
"ETH","1700069132","1700069137","5","2007.75375"
"SOL","1700068680","1700068684","4","61.27434429"
"ETH","1700068657","1700068663","6","2008.85571169"
"ETH","1700068657","1700068663","6","2008.85571169"
"ETH","1700068753","1700068758","5","2006.28"
"SOL","1700068816","1700068819","3","61.23327558"
"SOL","1700068929","1700068932","3","61.095375"
"SOL","1700068598","1700068601","3","61.18781246"
"SOL","1700068895","1700068901","6","61.067556975"
"ETH","1700068624","1700068629","5","2009.085324185"
"ETH","1700068893","1700068899","6","2005.600301025"
"BTC","1700068944","1700068948","4","36333.0075"
"BTC","1700069019","1700069031","12","36376.51165609"
"SOL","1700068720","1700068723","3","61.32397873"
"BTC","1700069034","1700069038","4","36388.718645145"
"ETH","1700068521","1700068525","4","2008.78115418"
"SOL","1700068449","1700068450","1","61.30289049"
"BTC","1700068600","1700068601","1","36388.72451146"
"ETH","1700068721","1700068723","2","2008.34"
"SOL","1700068810","1700068813","3","61.20235"
"BTC","1700068750","1700068753","3","36399.687098161"
"SOL","1700068996","1700068997","1","61.029472155"
"BTC","1700068996","1700068997","1","36361.656666666"
"ETH","1700069039","1700069045","6","2007.928803355"
"ETH","1700068735","1700068739","4","2007.87350631"
"SOL","1700069076","1700069077","1","60.99972254"
"ETH","1700068939","1700068944","5","2005.925384615"
"BTC","1700068735","1700068740","5","36416.311495115"
"ETH","1700068601","1700068602","1","2008.786646525"
"BTC","1700068894","1700068900","6","36330.132944126"
"ETH","1700068530","1700068533","3","2008.02"
"SOL","1700068770","1700068772","2","61.23047482"
"SOL","1700068632","1700068634","2","61.40240964"
"SOL","1700068788","1700068789","1","61.177263055"
"ETH","1700069130","1700069148","18","2007.73664558"
"ETH","1700068951","1700068954","3","2006.245"
"SOL","1700069105","1700069107","2","60.9493453"
"BTC","1700068711","1700068715","4","36418.642781405"
"SOL","1700069021","1700069027","6","61.08771451"
"ETH","1700068508","1700068511","3","2008.83551"
"ETH","1700069019","1700069027","8","2007.29162854"
"SOL","1700068679","1700068683","4","61.26857142"
"BTC","1700068617","1700068620","3","36415.34237744"
"BTC","1700068978","1700068984","6","36346.439125405"
"ETH","1700068966","1700068972","6","2005.328231315"
"ETH","1700068502","1700068503","1","2008.642078505"
"ETH","1700068722","1700068724","2","2008.29"
"ETH","1700068690","1700068694","4","2009.21266227"
"BTC","1700068782","1700068787","5","36390.07132853"
"ETH","1700068794","1700068796","2","2006.59785718"
"BTC","1700068932","1700068937","5","36338.458333333"
"SOL","1700069095","1700069099","4","60.90160384"
"BTC","1700068698","1700068700","2","36432.454789626"
"BTC","1700068718","1700068720","2","36416.05889964"
"SOL","1700068418","1700068419","1","61.291554665"
"ETH","1700068419","1700068420","1","2008.9625"
"BTC","1700068872","1700068878","6","36352.462737835"
"BTC","1700068897","1700068901","4","36327.71519094"
"ETH","1700068611","1700068614","3","2009.42657409"
"ETH","1700068383","1700068386","3","2007.845999935"
"SOL","1700068746","1700068750","4","61.30354693"
"BTC","1700068760","1700068763","3","36383.100147058"
"BTC","1700068463","1700068465","2","36393.13412534"
"BTC","1700068629","1700068633","4","36414.949214401"
"SOL","1700068959","1700068966","7","61.06093944"
"BTC","1700068747","1700068753","6","36406.800092719"
"BTC","1700068850","1700068852","2","36407.511293375"
"ETH","1700068796","1700068800","4","2006.696601525"
"SOL","1700068895","1700068900","5","61.067556975"
"BTC","1700069071","1700069078","7","36355.67779338"
"ETH","1700068905","1700068911","6","2005.459073058"
"SOL","1700068943","1700068945","2","61.06030623"
"SOL","1700068849","1700068849","0","61.229057565"
"ETH","1700068929","1700068932","3","2006.124999995"
"BTC","1700069149","1700069153","4","36390.47033394"
"SOL","1700068997","1700069000","3","61.01957815"
"BTC","1700068579","1700068581","2","36400.1125"
"ETH","1700068822","1700068826","4","2007.265"
"ETH","1700069048","1700069056","8","2007.656199688"
"BTC","1700068686","1700068688","2","36426.01335651"
"BTC","1700068740","1700068743","3","36417.42707853"
"ETH","1700068939","1700068944","5","2005.925384615"
"BTC","1700068812","1700068813","1","36406.79250917"
"SOL","1700068648","1700068649","1","61.35132415"
"BTC","1700068969","1700068972","3","36345.333314345"
"BTC","1700068665","1700068670","5","36417.62216761"
"SOL","1700069077","1700069081","4","60.9965337"
"BTC","1700068931","1700068935","4","36333.76494152"
"BTC","1700068996","1700068997","1","36361.656666666"
"ETH","1700068971","1700068973","2","2005.3434461"
"ETH","1700068599","1700068601","2","2008.6312568"
"ETH","1700068868","1700068870","2","2006.99834688"
"ETH","1700068645","1700068651","6","2009"
"ETH","1700068969","1700068972","3","2005.42656929"
"BTC","1700068716","1700068719","3","36406.81494915"
"SOL","1700069052","1700069056","4","61.10586327"
"SOL","1700068756","1700068761","5","61.269405833"
"ETH","1700068864","1700068869","5","2007.7925"
"BTC","1700069058","1700069063","5","36385.50202528"
"SOL","1700068672","1700068679","7","61.29410734"
"SOL","1700069139","1700069142","3","61.08205"
"BTC","1700068880","1700068887","7","36348.032624531"
"ETH","1700068897","1700068901","4","2005.52709874"
"BTC","1700068954","1700068958","4","36346.60036725"
"ETH","1700069049","1700069056","7","2007.639883325"
"SOL","1700068666","1700068671","5","61.25379269"
"ETH","1700068958","1700068966","8","2005.63583558"
"SOL","1700068982","1700068985","3","61.04305261"
"BTC","1700069041","1700069045","4","36386.42489715"
"SOL","1700069015","1700069019","4","61.10375673"
"BTC","1700068481","1700068485","4","36394.738744905"
"SOL","1700068954","1700068956","2","61.061117875"
"SOL","1700068381","1700068386","5","61.231337525"
"BTC","1700068849","1700068850","1","36411.814737513"
"ETH","1700068947","1700068954","7","2006.267142857"
"BTC","1700068815","1700068817","2","36402.454436955"
"ETH","1700069013","1700069019","6","2006.45095218"
"ETH","1700068977","1700068984","7","2005.43"
"SOL","1700068776","1700068779","3","61.19135819"
"SOL","1700069025","1700069082","57","61.047565125"
"ETH","1700069072","1700069077","5","2005.94907862"
"BTC","1700068823","1700068826","3","36398.22796203"
"BTC","1700068980","1700068984","4","36348.010849751"
"ETH","1700068890","1700068893","3","2005.8569306"
"ETH","1700068730","1700068735","5","2008.2883808"
"BTC","1700069007","1700069009","2","36365.257312316"
"BTC","1700069142","1700069150","8","36390.7925"
"ETH","1700068686","1700068687","1","2009.145"
"SOL","1700068579","1700068581","2","61.15255691"
"ETH","1700068886","1700068893","7","2005.721532165"
"BTC","1700068671","1700068678","7","36421.449544578"
"ETH","1700068906","1700068911","5","2005.595"
"ETH","1700068872","1700068876","4","2006.325817455"
"SOL","1700069153","1700069154","1","61.12300539"
"ETH","1700068411","1700068414","3","2009.58"
"SOL","1700068889","1700068893","4","61.0641791"
"SOL","1700069089","1700069091","2","60.92538999"
"SOL","1700068686","1700068689","3","61.34793096"
"BTC","1700069033","1700069085","52","36389.651866666"
"ETH","1700068695","1700068698","3","2009.61276656"
"ETH","1700068601","1700068602","1","2008.786646525"
"BTC","1700069151","1700069153","2","36394.143720546"
"SOL","1700068879","1700068887","8","61.1107756"
"BTC","1700068794","1700068796","2","36382.09870232"
"BTC","1700068724","1700068726","2","36417.58319939"
"SOL","1700068949","1700068954","5","61.084866495"
"BTC","1700068521","1700068525","4","36396.978399825"
"ETH","1700069058","1700069063","5","2007.665397655"
"SOL","1700068709","1700068710","1","61.38386075"
"SOL","1700068819","1700068826","7","61.230525"
"BTC","1700069023","1700069084","61","36379.974214605"
"BTC","1700069142","1700069148","6","36390.7925"
"SOL","1700068666","1700068671","5","61.25379269"
"SOL","1700068659","1700068664","5","61.299729425"
"BTC","1700068830","1700068835","5","36406.25163446"
"SOL","1700068446","1700068450","4","61.244509613"
"BTC","1700069007","1700069009","2","36365.257312316"
"SOL","1700068761","1700068765","4","61.25102319"
"ETH","1700068781","1700068789","8","2005.957620155"
"ETH","1700068671","1700068679","8","2009.018237825"
"SOL","1700068848","1700068849","1","61.24333793"
"SOL","1700069143","1700069150","7","61.110351358"
"SOL","1700068965","1700068969","4","61.07098547"
"BTC","1700068792","1700068794","2","36391.926191921"
"SOL","1700068703","1700068706","3","61.36627005"
"SOL","1700069142","1700069148","6","61.09907587"
"SOL","1700068381","1700068385","4","61.231337525"
"BTC","1700069004","1700069009","5","36365.8332409"
"ETH","1700069158","1700069161","3","2008.909786655"
"SOL","1700068969","1700068972","3","61.06419537"
"SOL","1700069146","1700069148","2","61.103524535"
"BTC","1700068670","1700068679","9","36419.725272803"
"SOL","1700069151","1700069153","2","61.11291246"
"ETH","1700068488","1700068494","6","2008.763333333"
"SOL","1700068735","1700068739","4","61.30266601"
"BTC","1700068934","1700068937","3","36334.125"
"BTC","1700069055","1700069057","2","36389.3075"
"SOL","1700068686","1700068688","2","61.345"
"BTC","1700068709","1700068712","3","36429.59917714"
"BTC","1700069037","1700069043","6","36390.228928571"
"BTC","1700068817","1700068818","1","36392.29507453"
"SOL","1700069119","1700069123","4","61.068685445"
"ETH","1700069081","1700069084","3","2006.062152155"
"BTC","1700068633","1700068636","3","36415.777346945"
"ETH","1700069165","1700069167","2","2008.950431395"
"ETH","1700069098","1700069102","4","2006.621356"
"SOL","1700068537","1700068542","5","61.27207728"
"ETH","1700068840","1700068844","4","2008.249647195"
"SOL","1700068840","1700068845","5","61.25317967"
"SOL","1700068857","1700068861","4","61.1802324"
"BTC","1700068989","1700068996","7","36357.358928756"
"ETH","1700068996","1700068997","1","2006.10275533"
"BTC","1700068916","1700068920","4","36328.252819205"
"ETH","1700068756","1700068761","5","2006.207098508"
"SOL","1700068906","1700068914","8","61.06679026"
"BTC","1700068855","1700068861","6","36396.004887185"
"BTC","1700069090","1700069092","2","36362.52625"
"ETH","1700068776","1700068779","3","2005.9"
"SOL","1700068654","1700068659","5","61.28978531"
"ETH","1700068893","1700068895","2","2005.600301025"
"SOL","1700068760","1700068763","3","61.245511595"
"ETH","1700068667","1700068672","5","2009.04460932"
"ETH","1700068640","1700068644","4","2009.12369215"
"ETH","1700068454","1700068458","4","2008.85931792"
"ETH","1700068829","1700068831","2","2007.714698155"
"BTC","1700068879","1700068885","6","36350.8715437"
"ETH","1700069012","1700069017","5","2006.24814729"
"SOL","1700068511","1700068515","4","61.28055"
"BTC","1700069026","1700069034","8","36382.789214605"
"SOL","1700068919","1700068920","1","61.06282458"
"ETH","1700069122","1700069127","5","2007.75875"
"SOL","1700068602","1700068603","1","61.2140102"
"ETH","1700069072","1700069078","6","2005.94907862"
"SOL","1700069016","1700069023","7","61.133"
"SOL","1700068837","1700068844","7","61.25"
"BTC","1700068999","1700069005","6","36355.95423709"
"BTC","1700068530","1700068534","4","36391.3668622"
"BTC","1700068717","1700068719","2","36416.23139964"
"SOL","1700068717","1700068720","3","61.32060874"
"SOL","1700068648","1700068651","3","61.35132415"
"BTC","1700068768","1700068770","2","36388.940639125"
"SOL","1700068466","1700068472","6","61.3022219"
"SOL","1700069150","1700069153","3","61.11092333"
"SOL","1700068920","1700068927","7","61.060543205"
"SOL","1700068608","1700068612","4","61.28"
"ETH","1700069099","1700069103","4","2006.56"
"ETH","1700068718","1700068720","2","2008.24875"
"ETH","1700069072","1700069077","5","2005.94907862"
"ETH","1700068707","1700068715","8","2009.01019496"
"ETH","1700068641","1700068649","8","2009.08138416"
"SOL","1700068720","1700068725","5","61.32397873"
"ETH","1700068725","1700068726","1","2008.2833808"
"ETH","1700068967","1700068972","5","2005.326519265"
"BTC","1700068651","1700068656","5","36415.897164353"
"ETH","1700068874","1700068878","4","2006.076573015"
"ETH","1700068896","1700068901","5","2005.490326828"
"ETH","1700068945","1700068954","9","2006.20041554"
"SOL","1700068714","1700068716","2","61.329685465"
"ETH","1700068403","1700068404","1","2009.287144605"
"BTC","1700068676","1700068678","2","36420.19166182"
"BTC","1700068788","1700068789","1","36382"
"BTC","1700069076","1700069077","1","36352.9725"
"ETH","1700069121","1700069123","2","2007.79329116"
"BTC","1700068707","1700068712","5","36429.67243456"
"SOL","1700068954","1700068958","4","61.061117875"
"SOL","1700069007","1700069009","2","61.0200235"
"BTC","1700069067","1700069072","5","36360.901760985"
"BTC","1700068673","1700068680","7","36421.521211245"
"BTC","1700068780","1700068781","1","36390.4"
"BTC","1700068856","1700068861","5","36395.38445746"
"SOL","1700068944","1700068951","7","61.054877895"
"BTC","1700069010","1700069017","7","36367.348571971"
"SOL","1700068726","1700068731","5","61.31389187"
"BTC","1700068652","1700068655","3","36406.58266204"
"BTC","1700069003","1700069009","6","36365.553648485"
"BTC","1700068947","1700068954","7","36345.40483683"
"ETH","1700069157","1700069160","3","2008.8975"
"ETH","1700069161","1700069164","3","2008.893084166"
"BTC","1700068731","1700068739","8","36419.481221875"
"ETH","1700068657","1700068664","7","2008.85571169"
"BTC","1700068736","1700068740","4","36417.491245196"
"BTC","1700068882","1700068886","4","36343.404588669"
"ETH","1700068912","1700068914","2","2005.66369956"
"BTC","1700069133","1700069137","4","36380.339583333"
"SOL","1700068636","1700068641","5","61.41562136"
"SOL","1700068530","1700068534","4","61.250396071"
"ETH","1700069035","1700069043","8","2007.64590708"
"ETH","1700069062","1700069065","3","2007.232197205"
"ETH","1700069101","1700069105","4","2006.592195125"
"SOL","1700068507","1700068511","4","61.26368473"
"BTC","1700068839","1700068844","5","36415.52224822"
"BTC","1700069077","1700069082","5","36355.0925"
"SOL","1700068778","1700068779","1","61.20065145"
"ETH","1700068835","1700068838","3","2008.121099651"
"BTC","1700068659","1700068663","4","36417.348"
"SOL","1700069051","1700069084","33","61.0961775"
"ETH","1700068738","1700068742","4","2008.06923498"
"ETH","1700069156","1700069157","1","2008.871791"
"BTC","1700068900","1700068901","1","36323.556282815"
"ETH","1700069067","1700069072","5","2006.212068285"
"BTC","1700068817","1700068826","9","36391.16125819"
"BTC","1700068673","1700068678","5","36421.521211245"
"ETH","1700068904","1700068908","4","2005.488361905"
"BTC","1700069111","1700069114","3","36373.95"
"BTC","1700069034","1700069038","4","36388.718645145"
"BTC","1700069014","1700069019","5","36381.891327835"
"SOL","1700068753","1700068758","5","61.26665125"
"ETH","1700068610","1700068612","2","2009.34146909"
"ETH","1700069012","1700069019","7","2006.24814729"
"ETH","1700068920","1700068926","6","2005.485497205"
"BTC","1700068757","1700068760","3","36390.3375"
"SOL","1700068972","1700068977","5","61.051881091"
"ETH","1700069011","1700069019","8","2006.438786"
"BTC","1700069076","1700069077","1","36352.9725"
"ETH","1700068638","1700068641","3","2009.14409464"
"BTC","1700069162","1700069165","3","36398.474601995"
"SOL","1700068641","1700068646","5","61.40981774"
"BTC","1700068400","1700068402","2","36378.402307687"
"ETH","1700068813","1700068816","3","2008.01875"
"SOL","1700068725","1700068726","1","61.33019674"
"ETH","1700068471","1700068473","2","2008.43927013"
"ETH","1700068979","1700068982","3","2005.38684158"
"BTC","1700068558","1700068563","5","36398.3979174"
"BTC","1700068688","1700068691","3","36428.364668315"
"BTC","1700068968","1700068972","4","36344.871770082"
"BTC","1700068790","1700068794","4","36391.97834443"
"ETH","1700068493","1700068500","7","2008.77509027"
"BTC","1700068822","1700068826","4","36398.805967835"
"ETH","1700069045","1700069084","39","2008.26804904"
"SOL","1700068611","1700068614","3","61.2857932"
"SOL","1700068674","1700068679","5","61.30140229"
"ETH","1700068792","1700068794","2","2006.31339011"
"SOL","1700068907","1700068911","4","61.061117435"
"ETH","1700068792","1700068794","2","2006.31339011"
"ETH","1700068807","1700068808","1","2007.314592013"
"BTC","1700069065","1700069072","7","36367.843384346"
"SOL","1700068984","1700068988","4","61.04205601"
"ETH","1700068388","1700068391","3","2008.731769445"
"SOL","1700068891","1700068893","2","61.04609305"
"BTC","1700069143","1700069148","5","36390.36803785"
"BTC","1700068859","1700068863","4","36396.921890485"
"ETH","1700068663","1700068665","2","2009"
"BTC","1700068815","1700068817","2","36402.454436955"
"BTC","1700068996","1700068997","1","36361.656666666"
"SOL","1700068672","1700068679","7","61.29410734"
"SOL","1700068906","1700068914","8","61.06679026"
"ETH","1700068919","1700068920","1","2005.46152894"
"ETH","1700068738","1700068742","4","2008.06923498"
"SOL","1700068996","1700068997","1","61.029472155"
"BTC","1700069091","1700069093","2","36362.626476245"
"ETH","1700068700","1700068704","4","2009.42"
"ETH","1700069149","1700069154","5","2008.3520134"
"BTC","1700068652","1700068655","3","36406.58266204"
"ETH","1700068665","1700068669","4","2008.919081539"
"SOL","1700068696","1700068698","2","61.40944114"
"ETH","1700068843","1700068844","1","2008.33263979"
"SOL","1700068688","1700068691","3","61.35856603"
"SOL","1700069055","1700069057","2","61.1068"
"SOL","1700068715","1700068719","4","61.313916335"
"SOL","1700068842","1700068845","3","61.2509796"
"SOL","1700068994","1700068996","2","61.0466909"
"ETH","1700069156","1700069157","1","2008.871791"
"BTC","1700068621","1700068623","2","36413.195106125"
"SOL","1700068765","1700068768","3","61.252540315"
"SOL","1700068788","1700068789","1","61.177263055"
"SOL","1700068600","1700068601","1","61.19552243"
"BTC","1700068499","1700068501","2","36390.83043802"
"BTC","1700068768","1700068773","5","36388.940639125"
"ETH","1700068617","1700068623","6","2009.8875"
"SOL","1700068781","1700068789","8","61.191565515"
"ETH","1700069098","1700069103","5","2006.621356"
"BTC","1700068806","1700068808","2","36398.76184768"
"SOL","1700069067","1700069072","5","61.018239995"
"ETH","1700068579","1700068583","4","2008.37941186"
"ETH","1700068846","1700068849","3","2008.233875185"
"BTC","1700068700","1700068704","4","36428.519819021"
"SOL","1700068890","1700068893","3","61.05462128"
"SOL","1700069137","1700069139","2","61.06179238"
"SOL","1700068615","1700068618","3","61.3417924"
"BTC","1700069156","1700069157","1","36398.11025475"
"SOL","1700068413","1700068417","4","61.27177863"
"BTC","1700068859","1700068863","4","36396.921890485"
"ETH","1700069080","1700069089","9","2005.98282866"
"ETH","1700068989","1700068996","7","2005.82"
"BTC","1700068784","1700068787","3","36390.582396025"
"BTC","1700068801","1700068803","2","36393.941884663"
"BTC","1700068968","1700068972","4","36344.871770082"
"ETH","1700068988","1700068990","2","2005.738347225"
"ETH","1700069038","1700069040","2","2007.818314585"
"ETH","1700069099","1700069103","4","2006.56"
"SOL","1700069027","1700069148","121","61.05477655"
"BTC","1700068799","1700068802","3","36393.695"
"ETH","1700068815","1700068817","2","2007.885"
"ETH","1700068861","1700068863","2","2007.78332998"
"BTC","1700068740","1700068743","3","36417.42707853"
"BTC","1700068830","1700068835","5","36406.25163446"
"SOL","1700068449","1700068450","1","61.30289049"
"ETH","1700068540","1700068542","2","2008.76730512"
"SOL","1700068521","1700068524","3","61.29905597"
"SOL","1700068842","1700068844","2","61.2509796"
"BTC","1700068900","1700068902","2","36323.556282815"
"BTC","1700069077","1700069081","4","36355.0925"
"ETH","1700069025","1700069081","56","2007.476332525"
"ETH","1700068672","1700068679","7","2009.1"
"ETH","1700068950","1700068954","4","2006.3724995"
"BTC","1700068427","1700068431","4","36379.569515785"
"BTC","1700069082","1700069084","2","36354"
"SOL","1700068623","1700068625","2","61.364600695"
"ETH","1700068646","1700068652","6","2008.767395995"
"BTC","1700068856","1700068861","5","36395.38445746"
"BTC","1700068894","1700068899","5","36330.132944126"
"ETH","1700069112","1700069114","2","2007.0532381"
"SOL","1700068747","1700068753","6","61.290126165"
"ETH","1700068450","1700068451","1","2008.62720372"
"BTC","1700069055","1700069057","2","36389.3075"
"BTC","1700069107","1700069109","2","36374.338165525"
"SOL","1700068707","1700068710","3","61.38023627"
"ETH","1700069156","1700069157","1","2008.871791"
"SOL","1700068784","1700068788","4","61.18654761"
"ETH","1700068685","1700068686","1","2009.14013633"
"ETH","1700068804","1700068809","5","2007"
"BTC","1700068837","1700068844","7","36414.548194765"
"ETH","1700068775","1700068777","2","2005.9301705"
"BTC","1700068965","1700068970","5","36349.606400906"
"BTC","1700068493","1700068500","7","36393.17643156"
"ETH","1700068984","1700068985","1","2005.70477575"
"ETH","1700069101","1700069105","4","2006.592195125"
"BTC","1700068813","1700068816","3","36396.60812965"
"BTC","1700068754","1700068758","4","36396.975"
"ETH","1700068579","1700068582","3","2008.37941186"
"BTC","1700068753","1700068760","7","36397.12496287"
"SOL","1700068772","1700068778","6","61.197264015"
"ETH","1700068547","1700068548","1","2008.581693865"
"ETH","1700068882","1700068886","4","2005.699049905"
"BTC","1700069137","1700069139","2","36383.810227812"
"BTC","1700068687","1700068689","2","36427.55398644"
"BTC","1700068769","1700068771","2","36387.880691231"
"SOL","1700068946","1700068954","8","61.060823725"
"BTC","1700068768","1700068770","2","36388.940639125"
"SOL","1700068710","1700068714","4","61.346998275"
"BTC","1700068989","1700068991","2","36357.358928756"
"BTC","1700068790","1700068794","4","36391.97834443"
"BTC","1700068625","1700068629","4","36414.233636195"
"ETH","1700069023","1700069081","58","2007.37170732"
"BTC","1700069052","1700069056","4","36383.974864396"
"SOL","1700069065","1700069072","7","61.011896205"
"BTC","1700068428","1700068435","7","36382.4625"
"BTC","1700068750","1700068755","5","36399.687098161"
"BTC","1700068887","1700068893","6","36338.36474251"
"ETH","1700068910","1700068914","4","2005.66147034"
"SOL","1700069138","1700069140","2","61.0776127"
"ETH","1700068676","1700068679","3","2008.951957535"
"ETH","1700068610","1700068612","2","2009.34146909"
"BTC","1700068472","1700068473","1","36390.188607805"
"ETH","1700068855","1700068861","6","2007.81830347"
"ETH","1700069017","1700069021","4","2007.269841"
"ETH","1700069069","1700069084","15","2006.3748567"
"SOL","1700069023","1700069084","61","61.071883235"
"SOL","1700068803","1700068808","5","61.16198485"
"ETH","1700069082","1700069084","2","2006.05524785"
"SOL","1700068829","1700068832","3","61.23755729"
"SOL","1700069003","1700069008","5","61.01936187"
"BTC","1700068695","1700068697","2","36432.639792025"
"ETH","1700068770","1700068778","8","2005.69774548"
"BTC","1700068471","1700068473","2","36391.950205625"
"SOL","1700068650","1700068655","5","61.30766665"
"SOL","1700068806","1700068808","2","61.17945035"
"ETH","1700068687","1700068689","2","2009.150504071"
"SOL","1700068797","1700068801","4","61.15949668"
"SOL","1700068838","1700068845","7","61.25627039"
"SOL","1700068916","1700068920","4","61.060807085"
"SOL","1700068976","1700068984","8","61.05057297"
"BTC","1700068998","1700068999","1","36358.147154155"
"SOL","1700068381","1700068384","3","61.231337525"
"ETH","1700068788","1700068789","1","2006.169627286"
"SOL","1700068975","1700068979","4","61.0408569"
"SOL","1700069018","1700069023","5","61.11965646"
"SOL","1700068611","1700068613","2","61.2857932"
"BTC","1700069137","1700069139","2","36383.810227812"
"BTC","1700068432","1700068435","3","36387.04024015"
"ETH","1700068625","1700068629","4","2009.13678159"
"ETH","1700068839","1700068845","6","2008.249647195"
"ETH","1700068776","1700068779","3","2005.9"
"BTC","1700068927","1700068932","5","36331.27"
"SOL","1700068990","1700068996","6","61.050006655"
"SOL","1700068409","1700068411","2","61.30316467"
"SOL","1700068601","1700068602","1","61.1971955"
"SOL","1700068911","1700068914","3","61.06601278"
"ETH","1700068752","1700068758","6","2006.384272263"
"BTC","1700068878","1700068880","2","36350.792469512"
"BTC","1700068934","1700068937","3","36334.125"
"SOL","1700068410","1700068411","1","61.284082335"
"BTC","1700068971","1700068972","1","36346.390433085"
"BTC","1700068954","1700068958","4","36346.60036725"
"ETH","1700068745","1700068751","6","2007.863063795"
"SOL","1700068971","1700068972","1","61.06406404"
"ETH","1700068806","1700068809","3","2007.29155335"
"BTC","1700069161","1700069164","3","36400.51170399"
"ETH","1700068954","1700068958","4","2005.667170023"
"SOL","1700068793","1700068794","1","61.15834733"
"ETH","1700068707","1700068715","8","2009.01019496"
"ETH","1700068951","1700068954","3","2006.245"
"BTC","1700068769","1700068771","2","36387.880691231"
"BTC","1700068692","1700068694","2","36429.637"
"SOL","1700068494","1700068497","3","61.205227185"
"BTC","1700068760","1700068762","2","36383.100147058"
"ETH","1700068708","1700068712","4","2009.13138992"
"ETH","1700068639","1700068641","2","2009.05903744"
"ETH","1700069128","1700069130","2","2007.90249999"
"BTC","1700068658","1700068664","6","36417.76148348"
"BTC","1700068946","1700068954","8","36341.145622544"
"ETH","1700069117","1700069120","3","2007.68654807"
"ETH","1700068864","1700068868","4","2007.7925"
"BTC","1700069130","1700069148","18","36381.3745"
"SOL","1700068678","1700068683","5","61.27130745"
"SOL","1700068820","1700068826","6","61.22631083"
"SOL","1700068752","1700068760","8","61.281731671"
"ETH","1700068645","1700068652","7","2009"
"ETH","1700068687","1700068689","2","2009.150504071"
"ETH","1700069046","1700069048","2","2008.057962915"
"SOL","1700069138","1700069140","2","61.0776127"
"ETH","1700069100","1700069105","5","2006.582832155"
"SOL","1700068761","1700068763","2","61.25102319"
"SOL","1700068890","1700068893","3","61.05462128"
"BTC","1700068838","1700068845","7","36415.060363053"
"ETH","1700069161","1700069166","5","2008.836191791"
"ETH","1700068801","1700068807","6","2006.834117275"
"ETH","1700069107","1700069109","2","2007.000068775"
"ETH","1700068899","1700068901","2","2005.47418095"
"BTC","1700068647","1700068649","2","36417.227636095"
"ETH","1700068555","1700068556","1","2008.123516476"
"BTC","1700068935","1700068937","2","36334.125"
"BTC","1700068784","1700068788","4","36390.582396025"
"SOL","1700068671","1700068679","8","61.289690105"
"ETH","1700069138","1700069140","2","2007.94559389"
"SOL","1700069146","1700069150","4","61.103524535"
"ETH","1700068777","1700068779","2","2005.70405315"
"ETH","1700068857","1700068861","4","2007.696439335"
"SOL","1700068863","1700068868","5","61.19443667"
"ETH","1700069125","1700069130","5","2007.62414558"
"SOL","1700068511","1700068515","4","61.28055"
"ETH","1700068769","1700068771","2","2005.625307555"
"BTC","1700068994","1700068996","2","36354.7525"
"BTC","1700068967","1700068972","5","36344.465856119"
"ETH","1700068789","1700068794","5","2006.212961215"
"BTC","1700068607","1700068608","1","36402.27494254"
"SOL","1700068415","1700068418","3","61.2846"
"BTC","1700068600","1700068601","1","36388.72451146"
"SOL","1700068621","1700068623","2","61.3314928"
"SOL","1700068561","1700068565","4","61.15014442"
"BTC","1700068659","1700068663","4","36417.348"
"SOL","1700068831","1700068835","4","61.244515485"
"ETH","1700068388","1700068391","3","2008.731769445"
"SOL","1700068994","1700068996","2","61.0466909"
"ETH","1700068755","1700068761","6","2006.25022857"
"SOL","1700068730","1700068735","5","61.327048523"
"ETH","1700069085","1700069091","6","2006.042499995"
"SOL","1700068659","1700068664","5","61.299729425"
"SOL","1700068797","1700068801","4","61.15949668"
"ETH","1700068497","1700068498","1","2008.8"
"SOL","1700069103","1700069148","45","60.94456"
"ETH","1700068402","1700068404","2","2009.16"
"ETH","1700068947","1700068954","7","2006.267142857"
"BTC","1700068696","1700068698","2","36432.859240805"
"ETH","1700068917","1700068920","3","2005.450695606"
"ETH","1700068541","1700068542","1","2008.84424503"
"BTC","1700069125","1700069130","5","36383.115533545"
"BTC","1700068919","1700068920","1","36326.8"
"BTC","1700069125","1700069130","5","36383.115533545"
"BTC","1700068819","1700068826","7","36399.14450743"
"ETH","1700068647","1700068652","5","2008.621666666"
"ETH","1700068935","1700068937","2","2006.27205764"
"ETH","1700068857","1700068861","4","2007.696439335"
"ETH","1700069067","1700069072","5","2006.212068285"
"ETH","1700069059","1700069084","25","2007.75479531"
"BTC","1700068830","1700068835","5","36406.25163446"
"SOL","1700069134","1700069137","3","61.05790816"
"ETH","1700068686","1700068688","2","2009.145"
"SOL","1700068892","1700068894","2","61.036934585"
"SOL","1700069009","1700069016","7","61.02727953"
"SOL","1700069076","1700069077","1","60.99972254"
"SOL","1700068762","1700068764","2","61.244444535"
"BTC","1700069005","1700069008","3","36367.09928024"
"ETH","1700069028","1700069034","6","2007.449179065"
"BTC","1700069117","1700069119","2","36384.832997916"
"ETH","1700068499","1700068501","2","2008.82546553"
"SOL","1700069139","1700069144","5","61.08205"
"ETH","1700069048","1700069056","8","2007.656199688"
"ETH","1700068611","1700068614","3","2009.42657409"
"ETH","1700068473","1700068476","3","2008.27048501"
"SOL","1700068638","1700068641","3","61.420002715"
"SOL","1700068457","1700068461","4","61.290294455"
"SOL","1700068696","1700068698","2","61.40944114"
"BTC","1700068937","1700068944","7","36337.680277777"
"BTC","1700068796","1700068799","3","36393.511552635"
"ETH","1700068852","1700068861","9","2008.22337405"
"ETH","1700069082","1700069085","3","2006.05524785"
"ETH","1700068870","1700068872","2","2006.97850017"
"BTC","1700068611","1700068614","3","36407.597407548"
"BTC","1700068655","1700068659","4","36406.545"
"ETH","1700068789","1700068794","5","2006.212961215"
"SOL","1700068850","1700068852","2","61.23"
"BTC","1700068936","1700068940","4","36334.125"
"SOL","1700068977","1700068983","6","61.05007297"
"BTC","1700069034","1700069038","4","36388.718645145"
"SOL","1700068465","1700068466","1","61.29970238"
"ETH","1700069078","1700069084","6","2005.91437029"
"ETH","1700068656","1700068663","7","2008.88771059"
"BTC","1700068413","1700068417","4","36383.40562945"
"BTC","1700068997","1700068999","2","36360.118666253"
"ETH","1700068817","1700068826","9","2007.52615715"
"SOL","1700069069","1700069081","12","61.01651976"
"BTC","1700068930","1700068932","2","36333.76494152"
"BTC","1700069030","1700069084","54","36386.490068745"
"BTC","1700069114","1700069116","2","36375.401"
"BTC","1700068508","1700068511","3","36394.30548125"
"BTC","1700069137","1700069139","2","36383.810227812"
"BTC","1700068409","1700068411","2","36387.125"
"ETH","1700069017","1700069023","6","2007.269841"
"ETH","1700068715","1700068717","2","2008.51999999"
"SOL","1700068863","1700068868","5","61.19443667"
"ETH","1700068547","1700068548","1","2008.581693865"
"BTC","1700068764","1700068766","2","36387.61885464"
"ETH","1700069092","1700069095","3","2006.48347808"
"BTC","1700068631","1700068633","2","36415.95781989"
"ETH","1700068598","1700068601","3","2008.58786575"
"ETH","1700068383","1700068387","4","2007.845999935"
"SOL","1700068486","1700068487","1","61.212140715"
"BTC","1700068487","1700068489","2","36385.46741719"
"SOL","1700068910","1700068914","4","61.0686647"
"SOL","1700068540","1700068542","2","61.28725"
"SOL","1700068708","1700068712","4","61.3859108"
"BTC","1700068926","1700068927","1","36329.372512565"
"ETH","1700068649","1700068652","3","2008.690916661"
"BTC","1700068396","1700068398","2","36376.991276206"
"SOL","1700068491","1700068495","4","61.20883403"
"BTC","1700068622","1700068629","7","36413.947186365"
"BTC","1700068727","1700068732","5","36418.97217986"
"SOL","1700069008","1700069015","7","61.01812669"
"ETH","1700068750","1700068755","5","2006.45081114"
"SOL","1700068642","1700068650","8","61.41280955"
"BTC","1700068720","1700068725","5","36405.875928"
"ETH","1700068856","1700068861","5","2007.66739592"
"SOL","1700068548","1700068551","3","61.25509523"
"BTC","1700068852","1700068861","9","36398.0223099"
"SOL","1700068926","1700068927","1","61.09857582"
"SOL","1700069023","1700069084","61","61.071883235"
"BTC","1700068966","1700068972","6","36347.034435935"
"SOL","1700069042","1700069045","3","61.026652968"
"BTC","1700068676","1700068679","3","36420.19166182"
"ETH","1700069093","1700069100","7","2006.49657678"
"BTC","1700069130","1700069148","18","36381.3745"
"SOL","1700069156","1700069157","1","61.217885085"
"BTC","1700068932","1700068937","5","36338.458333333"
"SOL","1700069017","1700069023","6","61.104892175"
"ETH","1700068794","1700068796","2","2006.59785718"
"SOL","1700068918","1700068920","2","61.0615525"
"SOL","1700068649","1700068656","7","61.31277898"
"ETH","1700068736","1700068739","3","2007.91367293"
"ETH","1700068796","1700068801","5","2006.696601525"
"BTC","1700068935","1700068937","2","36334.125"
"SOL","1700068989","1700068996","7","61.05682862"
"ETH","1700069150","1700069154","4","2008.49640794"
"SOL","1700068407","1700068409","2","61.320833333"
"BTC","1700068649","1700068656","7","36415.565028905"
"ETH","1700068753","1700068758","5","2006.28"
"ETH","1700068944","1700068954","10","2006.085097432"
"ETH","1700068564","1700068565","1","2008.52966557"
"BTC","1700068913","1700068918","5","36327.901725868"
"ETH","1700068698","1700068700","2","2009.533562405"
"ETH","1700068895","1700068901","6","2005.51016021"
"SOL","1700069089","1700069091","2","60.92538999"
"BTC","1700068651","1700068655","4","36415.897164353"
"ETH","1700068703","1700068706","3","2009.235"
"BTC","1700068914","1700068919","5","36328.253977272"
"ETH","1700068662","1700068663","1","2008.86595559"
"SOL","1700069139","1700069142","3","61.08205"
"SOL","1700068787","1700068789","2","61.187477495"
"SOL","1700069096","1700069148","52","60.90122965"
"SOL","1700068813","1700068816","3","61.23305829"
"ETH","1700068902","1700068904","2","2005.465"
"ETH","1700068730","1700068735","5","2008.2883808"
"BTC","1700069063","1700069067","4","36376.291098975"
"BTC","1700068831","1700068835","4","36409.914765067"
"BTC","1700069098","1700069102","4","36368.684579985"
"ETH","1700068912","1700068914","2","2005.66369956"
"SOL","1700069142","1700069150","8","61.09907587"
"SOL","1700068545","1700068547","2","61.28"
"SOL","1700068798","1700068802","4","61.15595238"
"ETH","1700068394","1700068398","4","2008.621401905"
"ETH","1700069103","1700069148","45","2006.84924344"
"ETH","1700068612","1700068614","2","2009.613567595"
"BTC","1700068757","1700068760","3","36390.3375"
"BTC","1700068609","1700068612","3","36403.664211563"
"ETH","1700068599","1700068601","2","2008.6312568"
"SOL","1700068393","1700068396","3","61.314255"
"BTC","1700069015","1700069019","4","36379.393333328"
"SOL","1700068538","1700068542","4","61.27626059"
"ETH","1700068537","1700068541","4","2008.66263298"
"SOL","1700069143","1700069150","7","61.110351358"
"SOL","1700068916","1700068920","4","61.060807085"
"BTC","1700068971","1700068972","1","36346.390433085"
"SOL","1700068780","1700068781","1","61.20059479"
"BTC","1700068855","1700068861","6","36396.004887185"
"SOL","1700068919","1700068920","1","61.06282458"
"BTC","1700069084","1700069089","5","36357.28375"
"SOL","1700068615","1700068620","5","61.3417924"
"ETH","1700068997","1700068999","2","2006.032807965"
"BTC","1700068946","1700068954","8","36341.145622544"
"ETH","1700069119","1700069123","4","2007.6626275"
"BTC","1700069145","1700069150","5","36388.18291115"
"SOL","1700069060","1700069065","5","61.067716685"
"ETH","1700068761","1700068765","4","2005.495453705"
"ETH","1700068709","1700068712","3","2008.96569496"
"BTC","1700068873","1700068878","5","36352.905516362"
"ETH","1700069118","1700069123","5","2007.6626899"
"SOL","1700069026","1700069034","8","61.04"
"BTC","1700068598","1700068601","3","36400.58128966"
"SOL","1700068663","1700068665","2","61.265360245"
"BTC","1700068768","1700068770","2","36388.940639125"
"SOL","1700068818","1700068826","8","61.2229573"
"SOL","1700069096","1700069148","52","60.90122965"
"ETH","1700069136","1700069138","2","2007.76625"
"SOL","1700068927","1700068929","2","61.10374995"
"BTC","1700068691","1700068694","3","36429.396666661"
"SOL","1700069003","1700069008","5","61.01936187"
"BTC","1700068890","1700068893","3","36335.094425785"
"ETH","1700068554","1700068556","2","2008.13125"
"SOL","1700068830","1700068835","5","61.23798286"
"BTC","1700068412","1700068414","2","36386.986595193"
"ETH","1700068640","1700068649","9","2009.12369215"
"BTC","1700068790","1700068794","4","36391.97834443"
"SOL","1700068831","1700068835","4","61.244515485"
"ETH","1700068611","1700068614","3","2009.42657409"
"BTC","1700068543","1700068544","1","36401.51951441"
"BTC","1700068859","1700068863","4","36396.921890485"
"BTC","1700068717","1700068720","3","36416.23139964"
"SOL","1700068437","1700068438","1","61.266666666"
"ETH","1700068745","1700068754","9","2007.863063795"
"SOL","1700068686","1700068688","2","61.345"
"BTC","1700069042","1700069045","3","36391.473909132"
"ETH","1700068816","1700068823","7","2007.741923076"
"BTC","1700068806","1700068808","2","36398.76184768"
"BTC","1700068672","1700068678","6","36420.891211245"
"ETH","1700068847","1700068849","2","2008.29775037"
"SOL","1700068796","1700068799","3","61.16067602"
"SOL","1700068732","1700068736","4","61.303566665"
"SOL","1700068990","1700068996","6","61.050006655"
"SOL","1700069123","1700069130","7","61.07889589"
"BTC","1700068598","1700068600","2","36400.58128966"
"SOL","1700068632","1700068636","4","61.40240964"
"BTC","1700068657","1700068663","6","36417.518114165"
"BTC","1700068822","1700068826","4","36398.805967835"
"ETH","1700068792","1700068794","2","2006.31339011"
"SOL","1700068617","1700068623","6","61.34104972"
"ETH","1700068700","1700068707","7","2009.42"
"SOL","1700068579","1700068583","4","61.15255691"
"BTC","1700068964","1700068970","6","36351.61565468"
"ETH","1700068968","1700068973","5","2005.35365667"
"SOL","1700068850","1700068852","2","61.23"
"SOL","1700068839","1700068844","5","61.25280876"
"BTC","1700068935","1700068937","2","36334.125"
"SOL","1700068680","1700068686","6","61.27434429"
"SOL","1700069165","1700069168","3","61.28179421"
"SOL","1700068821","1700068826","5","61.23134556"
"ETH","1700069085","1700069091","6","2006.042499995"
"BTC","1700068750","1700068753","3","36399.687098161"
"BTC","1700068788","1700068789","1","36382"
"BTC","1700068656","1700068660","4","36406.545"
"ETH","1700068742","1700068743","1","2007.848226215"
"SOL","1700068745","1700068751","6","61.31709386"
"BTC","1700068816","1700068821","5","36400.72835256"
"BTC","1700068598","1700068600","2","36400.58128966"
"BTC","1700068797","1700068802","5","36383"
"ETH","1700068872","1700068876","4","2006.325817455"
"SOL","1700068897","1700068901","4","61.088165915"
"SOL","1700068968","1700068972","4","61.0695557"
"ETH","1700068579","1700068583","4","2008.37941186"
"ETH","1700069029","1700069034","5","2007.53401363"
"BTC","1700069035","1700069041","6","36390.56"
"SOL","1700069028","1700069034","6","61.042666466"
"ETH","1700068615","1700068618","3","2009.61365447"
"ETH","1700068882","1700068886","4","2005.699049905"
"BTC","1700068835","1700068838","3","36412.2465281"
"BTC","1700069157","1700069160","3","36403.05205822"
"BTC","1700069118","1700069123","5","36380.1226625"
"ETH","1700068387","1700068389","2","2008.622475245"
"BTC","1700068905","1700068911","6","36324.10382839"
"SOL","1700068989","1700068996","7","61.05682862"
"SOL","1700068383","1700068386","3","61.22589708"
"ETH","1700069143","1700069150","7","2008.226199265"
"ETH","1700069030","1700069082","52","2007.63430243"
"BTC","1700068579","1700068581","2","36400.1125"
"ETH","1700068697","1700068698","1","2009.6325"
"ETH","1700068716","1700068720","4","2008.23936602"
"BTC","1700068991","1700068996","5","36357.354861111"
"SOL","1700068788","1700068789","1","61.177263055"
"BTC","1700068880","1700068887","7","36348.032624531"
"ETH","1700068684","1700068686","2","2009.1219187"
"SOL","1700068870","1700068873","3","61.13683681"
"SOL","1700068954","1700068959","5","61.061117875"
"SOL","1700068600","1700068601","1","61.19552243"
"SOL","1700068816","1700068822","6","61.23327558"
"ETH","1700069017","1700069023","6","2007.269841"
"ETH","1700069108","1700069112","4","2007.017883055"
"SOL","1700068434","1700068436","2","61.325725"
"BTC","1700068631","1700068633","2","36415.95781989"
"BTC","1700068736","1700068739","3","36417.491245196"
"BTC","1700068789","1700068793","4","36381.86002"
"SOL","1700068846","1700068849","3","61.25077693"
"BTC","1700068936","1700068940","4","36334.125"
"SOL","1700068948","1700068954","6","61.07125167"
"BTC","1700069093","1700069099","6","36359.93238967"
"ETH","1700069152","1700069153","1","2008.56965598"
"BTC","1700069152","1700069154","2","36394.647586916"
"BTC","1700068416","1700068418","2","36379.215"
"ETH","1700068960","1700068966","6","2005.3955"
"BTC","1700068745","1700068751","6","36417.170326305"
"ETH","1700068937","1700068941","4","2006.25407409"
"SOL","1700068391","1700068392","1","61.33"
"BTC","1700068673","1700068678","5","36421.521211245"
"ETH","1700068988","1700068989","1","2005.738347225"
"ETH","1700068781","1700068787","6","2005.957620155"
"BTC","1700068849","1700068850","1","36411.814737513"
"ETH","1700068959","1700068966","7","2005.379349365"
"ETH","1700068709","1700068712","3","2008.96569496"
"BTC","1700068996","1700068997","1","36361.656666666"
"ETH","1700068616","1700068620","4","2009.713493901"
"SOL","1700068721","1700068723","2","61.319602705"
"ETH","1700068611","1700068614","3","2009.42657409"
"ETH","1700068645","1700068650","5","2009"
"ETH","1700069066","1700069072","6","2006.2637925"
"SOL","1700068598","1700068601","3","61.18781246"
"ETH","1700068696","1700068698","2","2009.635"
"SOL","1700068869","1700068872","3","61.130310105"
"SOL","1700069071","1700069077","6","61.01430201"
"ETH","1700069106","1700069108","2","2007.004498115"
"BTC","1700069129","1700069134","5","36381.74849197"
"ETH","1700068842","1700068844","2","2008.28749999"
"BTC","1700068996","1700068997","1","36361.656666666"
"SOL","1700068603","1700068608","5","61.24980182"
"BTC","1700069014","1700069017","3","36381.891327835"
"ETH","1700068625","1700068629","4","2009.13678159"
"ETH","1700068869","1700068872","3","2006.73289191"
"BTC","1700068652","1700068655","3","36406.58266204"
"BTC","1700069091","1700069093","2","36362.626476245"
"ETH","1700068674","1700068679","5","2008.98748235"
"ETH","1700068684","1700068686","2","2009.1219187"
"BTC","1700068849","1700068850","1","36411.814737513"
"SOL","1700069091","1700069093","2","60.86885687"
"BTC","1700068925","1700068927","2","36325.5878918"
"ETH","1700069069","1700069081","12","2006.3748567"
"ETH","1700068406","1700068409","3","2009.535"
"ETH","1700068409","1700068410","1","2009.59234169"
"SOL","1700068856","1700068861","5","61.18530535"
"BTC","1700068557","1700068563","6","36398.166814083"
"SOL","1700068948","1700068954","6","61.07125167"
"SOL","1700069091","1700069093","2","60.86885687"
"SOL","1700068690","1700068694","4","61.365"
"SOL","1700068789","1700068794","5","61.152840705"
"SOL","1700068821","1700068826","5","61.23134556"
"BTC","1700068684","1700068686","2","36425.389362965"
"SOL","1700069062","1700069065","3","61.04509647"
"SOL","1700069143","1700069148","5","61.110351358"
"BTC","1700068932","1700068937","5","36338.458333333"
"ETH","1700068994","1700068996","2","2005.985"
"BTC","1700068745","1700068751","6","36417.170326305"
"ETH","1700068848","1700068849","1","2008.33616344"
"ETH","1700069136","1700069138","2","2007.76625"
"BTC","1700068671","1700068679","8","36421.449544578"
"BTC","1700068672","1700068678","6","36420.891211245"
"ETH","1700068725","1700068726","1","2008.2833808"
"BTC","1700068746","1700068753","7","36414.121905252"
"BTC","1700068804","1700068808","4","36393.7"
"ETH","1700068446","1700068450","4","2008.122457361"
"ETH","1700068381","1700068383","2","2007.80420463"
"BTC","1700068945","1700068954","9","36336.910129058"
"ETH","1700068714","1700068716","2","2008.38243184"
"SOL","1700068997","1700069000","3","61.01957815"
"ETH","1700069021","1700069031","10","2007.316029225"
"ETH","1700069027","1700069082","55","2007.45839078"
"BTC","1700068874","1700068878","4","36351.405986248"
"BTC","1700068738","1700068742","4","36408.32736127"
"SOL","1700069082","1700069085","3","60.96428411"
"ETH","1700069129","1700069131","2","2007.77625"
"BTC","1700068740","1700068743","3","36417.42707853"
"ETH","1700068861","1700068863","2","2007.78332998"
"ETH","1700068866","1700068869","3","2007.56875"
"SOL","1700069081","1700069084","3","60.98072354"
"ETH","1700068665","1700068670","5","2008.919081539"
"BTC","1700069055","1700069057","2","36389.3075"
"ETH","1700068463","1700068465","2","2008.9464225"
"SOL","1700068883","1700068887","4","61.07136473"
"SOL","1700068534","1700068535","1","61.263386995"
"SOL","1700069036","1700069084","48","61.01568053"
"BTC","1700068620","1700068623","3","36411.766357505"
"BTC","1700068720","1700068723","3","36405.875928"
"SOL","1700068946","1700068954","8","61.060823725"
"SOL","1700069143","1700069145","2","61.110351358"
"ETH","1700068616","1700068620","4","2009.713493901"
"ETH","1700069011","1700069019","8","2006.438786"
"ETH","1700068731","1700068735","4","2008.150107645"
"BTC","1700069044","1700069047","3","36391.966871065"
"ETH","1700068401","1700068404","3","2009.10124605"
"BTC","1700068775","1700068778","3","36394.348097885"
"ETH","1700068642","1700068649","7","2009.04788204"
"ETH","1700068813","1700068816","3","2008.01875"
"BTC","1700068564","1700068565","1","36388.59999999"
"ETH","1700068700","1700068706","6","2009.42"
"BTC","1700068892","1700068896","4","36331.262590952"
"BTC","1700069089","1700069091","2","36361.928142216"
"ETH","1700068977","1700068984","7","2005.43"
"SOL","1700068697","1700068698","1","61.40105637"
"BTC","1700068507","1700068511","4","36394.778814583"
"SOL","1700068687","1700068689","2","61.359400655"
"SOL","1700069107","1700069109","2","60.960144785"
"SOL","1700069127","1700069130","3","61.047700125"
"SOL","1700068476","1700068479","3","61.21080174"
"SOL","1700069007","1700069008","1","61.0200235"
"BTC","1700068408","1700068410","2","36387.12875"
"BTC","1700069089","1700069091","2","36361.928142216"
"SOL","1700068887","1700068893","6","61.08999999"
"BTC","1700069023","1700069084","61","36379.974214605"
"ETH","1700068751","1700068754","3","2006.43974464"
"SOL","1700068829","1700068832","3","61.23755729"
"BTC","1700068731","1700068735","4","36419.481221875"
"ETH","1700069040","1700069082","42","2007.95327386"
"BTC","1700069139","1700069142","3","36387.818917366"
"BTC","1700069145","1700069150","5","36388.18291115"
"BTC","1700068702","1700068706","4","36428.677199125"
"SOL","1700069099","1700069101","2","60.90527637"
"BTC","1700068599","1700068601","2","36388.21287956"
"ETH","1700068891","1700068893","2","2005.63834916"
"SOL","1700068989","1700068995","6","61.05682862"
"BTC","1700068546","1700068547","1","36398.105869591"
"ETH","1700068721","1700068723","2","2008.34"
"SOL","1700068895","1700068902","7","61.067556975"
"SOL","1700069160","1700069162","2","61.215"
"ETH","1700068647","1700068652","5","2008.621666666"
"ETH","1700068835","1700068838","3","2008.121099651"
"BTC","1700068826","1700068829","3","36402.542660173"
"ETH","1700068966","1700068971","5","2005.328231315"
"SOL","1700068763","1700068766","3","61.25299999"
"ETH","1700068761","1700068763","2","2005.495453705"
"BTC","1700068714","1700068716","2","36416.287760135"
"BTC","1700068640","1700068644","4","36420.431795765"
"BTC","1700069025","1700069082","57","36378.09562794"
"BTC","1700069044","1700069047","3","36391.966871065"
"ETH","1700068579","1700068582","3","2008.37941186"
"BTC","1700068902","1700068903","1","36323.848402556"
"ETH","1700068715","1700068717","2","2008.51999999"
"ETH","1700068884","1700068885","1","2005.766251"
"BTC","1700069156","1700069157","1","36398.11025475"
"BTC","1700068960","1700068963","3","36344.02462995"
"ETH","1700068526","1700068534","8","2008.78159381"
"ETH","1700069058","1700069064","6","2007.665397655"
"BTC","1700068687","1700068689","2","36427.55398644"
"BTC","1700068946","1700068954","8","36341.145622544"
"SOL","1700069077","1700069078","1","60.9965337"
"BTC","1700068771","1700068778","7","36389.535413445"
"ETH","1700068808","1700068812","4","2007.582456595"
"SOL","1700069142","1700069148","6","61.09907587"
"SOL","1700068838","1700068844","6","61.25627039"
"ETH","1700068997","1700068999","2","2006.032807965"
"ETH","1700069046","1700069048","2","2008.057962915"
"SOL","1700068697","1700068698","1","61.40105637"
"BTC","1700068419","1700068427","8","36372.9162094"
"BTC","1700068994","1700068996","2","36354.7525"
"SOL","1700068936","1700068940","4","61.08561119"
"BTC","1700068640","1700068646","6","36420.431795765"
"BTC","1700069040","1700069084","44","36390.701071428"
"BTC","1700069023","1700069084","61","36379.974214605"
"BTC","1700068760","1700068762","2","36383.100147058"
"BTC","1700068938","1700068944","6","36334.33266734"
"SOL","1700068502","1700068508","6","61.169308541"
"ETH","1700069009","1700069019","10","2006.093786"
"SOL","1700068598","1700068601","3","61.18781246"
"ETH","1700068677","1700068680","3","2009.09379094"
"SOL","1700068856","1700068861","5","61.18530535"
"BTC","1700068731","1700068738","7","36419.481221875"
"ETH","1700068839","1700068845","6","2008.249647195"
"SOL","1700068873","1700068878","5","61.10376675"
"BTC","1700068555","1700068556","1","36395.530980744"
"ETH","1700068665","1700068669","4","2008.919081539"
"SOL","1700068997","1700069000","3","61.01957815"
"SOL","1700068968","1700068972","4","61.0695557"
"SOL","1700069116","1700069120","4","61.09537529"
"BTC","1700068626","1700068629","3","36415.550355586"
"BTC","1700068600","1700068601","1","36388.72451146"
"SOL","1700069082","1700069085","3","60.96428411"
"SOL","1700068803","1700068808","5","61.16198485"
"SOL","1700068689","1700068691","2","61.36552011"
"SOL","1700069039","1700069045","6","61.026365355"
"ETH","1700068724","1700068726","2","2008.2883808"
"SOL","1700068717","1700068719","2","61.32060874"
"SOL","1700069025","1700069085","60","61.047565125"
"BTC","1700069079","1700069084","5","36351.98131201"
"ETH","1700069122","1700069125","3","2007.75875"
"SOL","1700069149","1700069154","5","61.104591"
"BTC","1700068753","1700068757","4","36397.12496287"
"BTC","1700068701","1700068706","5","36428.64075742"
"SOL","1700069157","1700069162","5","61.221606543"
"ETH","1700069098","1700069102","4","2006.621356"
"ETH","1700068499","1700068501","2","2008.82546553"
"SOL","1700068826","1700068828","2","61.24155686"
"SOL","1700068967","1700068972","5","61.0695557"
"BTC","1700069040","1700069082","42","36390.701071428"
"ETH","1700068756","1700068760","4","2006.207098508"
"BTC","1700068624","1700068632","8","36413.62193758"
"SOL","1700068657","1700068664","7","61.29389365"
"BTC","1700068727","1700068732","5","36418.97217986"
"ETH","1700068803","1700068808","5","2006.86"
"SOL","1700068889","1700068893","4","61.0641791"
"BTC","1700068659","1700068664","5","36417.348"
"BTC","1700068936","1700068940","4","36334.125"
"BTC","1700069016","1700069023","7","36379.6425"
"BTC","1700069137","1700069139","2","36383.810227812"
"ETH","1700069040","1700069084","44","2007.95327386"
"ETH","1700068636","1700068641","5","2009.07633075"
"ETH","1700068729","1700068735","6","2008.131412622"
"ETH","1700068663","1700068665","2","2009"
"BTC","1700068623","1700068629","6","36413.813834268"
"SOL","1700068775","1700068780","5","61.18925"
"ETH","1700068862","1700068863","1","2007.745160853"
"ETH","1700068872","1700068880","8","2006.325817455"
"BTC","1700069068","1700069073","5","36359.02125125"
"ETH","1700068735","1700068739","4","2007.87350631"
"ETH","1700069083","1700069148","65","2006.15162819"
"ETH","1700069029","1700069034","5","2007.53401363"
"ETH","1700068760","1700068763","3","2005.56"
"ETH","1700068465","1700068466","1","2008.781392755"
"BTC","1700069115","1700069120","5","36380.637813288"
"BTC","1700068598","1700068601","3","36400.58128966"
"ETH","1700068621","1700068623","2","2009.009654385"
"SOL","1700068780","1700068784","4","61.20059479"
"SOL","1700069122","1700069127","5","61.08636093"
"SOL","1700068650","1700068656","6","61.30766665"
"BTC","1700068704","1700068706","2","36429.876388935"
"SOL","1700069150","1700069153","3","61.11092333"
"SOL","1700068821","1700068826","5","61.23134556"
"ETH","1700068972","1700068979","7","2005.343862075"
"SOL","1700068721","1700068723","2","61.319602705"
"SOL","1700068983","1700068985","2","61.04255583"
"ETH","1700069138","1700069140","2","2007.94559389"
"SOL","1700069038","1700069041","3","61.0085"
"ETH","1700068646","1700068649","3","2008.767395995"
"SOL","1700069076","1700069078","2","60.99972254"
"SOL","1700069156","1700069157","1","61.217885085"
"BTC","1700068882","1700068889","7","36343.404588669"
"ETH","1700068884","1700068889","5","2005.766251"
"SOL","1700068776","1700068780","4","61.19135819"
"BTC","1700068652","1700068655","3","36406.58266204"
"BTC","1700068826","1700068828","2","36402.542660173"
"BTC","1700068517","1700068521","4","36396.149225456"
"BTC","1700068480","1700068484","4","36393.872152375"
"SOL","1700068720","1700068723","3","61.32397873"
"ETH","1700068675","1700068678","3","2009.13856441"
"BTC","1700068709","1700068713","4","36429.59917714"
"BTC","1700068958","1700068966","8","36341.6455"
"BTC","1700068977","1700068984","7","36346.901625405"
"SOL","1700069044","1700069047","3","61.0635209"
"BTC","1700069092","1700069096","4","36362.623853215"
"BTC","1700069117","1700069122","5","36384.832997916"
"ETH","1700068715","1700068717","2","2008.51999999"
"ETH","1700069035","1700069043","8","2007.64590708"
"ETH","1700068878","1700068880","2","2006.051633555"
"BTC","1700068544","1700068547","3","36401.476573233"
"BTC","1700069085","1700069091","6","36354.72967916"
"ETH","1700069044","1700069046","2","2008.22980763"
"ETH","1700068815","1700068817","2","2007.885"
"SOL","1700068864","1700068868","4","61.20343667"
"ETH","1700068701","1700068706","5","2009.267084835"
"SOL","1700068899","1700068901","2","61.08141605"
"SOL","1700069021","1700069028","7","61.08771451"
"ETH","1700069108","1700069111","3","2007.017883055"
"BTC","1700068646","1700068649","3","36419.651551675"
"SOL","1700068631","1700068633","2","61.40985361"
"ETH","1700068895","1700068901","6","2005.51016021"
"BTC","1700069039","1700069045","6","36390.410833333"
"ETH","1700068419","1700068420","1","2008.9625"
"SOL","1700068404","1700068406","2","61.337724543"
"SOL","1700068612","1700068614","2","61.312257225"
"BTC","1700068623","1700068625","2","36413.813834268"
"BTC","1700068727","1700068735","8","36418.97217986"
"ETH","1700068772","1700068778","6","2005.807865085"
"ETH","1700068775","1700068777","2","2005.9301705"
"ETH","1700068817","1700068826","9","2007.52615715"
"BTC","1700068863","1700068868","5","36396.737481518"
"ETH","1700068922","1700068927","5","2005.67738356"
"ETH","1700069056","1700069060","4","2007.702916595"
"ETH","1700068878","1700068880","2","2006.051633555"
"ETH","1700068783","1700068789","6","2006.0525"
"SOL","1700068747","1700068753","6","61.290126165"
"SOL","1700068978","1700068982","4","61.04430375"
"SOL","1700068600","1700068601","1","61.19552243"
"SOL","1700068394","1700068398","4","61.3025"
"SOL","1700068633","1700068636","3","61.39495446"
"BTC","1700069056","1700069060","4","36389.010027261"
"ETH","1700069059","1700069084","25","2007.75479531"
"BTC","1700069101","1700069105","4","36370.471117435"
"SOL","1700068834","1700068838","4","61.247675"
"ETH","1700068731","1700068736","5","2008.150107645"
"SOL","1700069103","1700069148","45","60.94456"
"ETH","1700069063","1700069069","6","2006.89846637"
"SOL","1700069107","1700069109","2","60.960144785"
"ETH","1700068418","1700068419","1","2009.17778629"
"BTC","1700068977","1700068984","7","36346.901625405"
"BTC","1700069130","1700069148","18","36381.3745"
"ETH","1700068657","1700068664","7","2008.85571169"
"ETH","1700068610","1700068612","2","2009.34146909"
"ETH","1700069023","1700069082","59","2007.37170732"
"BTC","1700068983","1700068986","3","36351.946608955"
"SOL","1700068458","1700068461","3","61.29297351"
"ETH","1700069083","1700069148","65","2006.15162819"
"SOL","1700068879","1700068884","5","61.1107756"
"ETH","1700069138","1700069140","2","2007.94559389"
"ETH","1700068599","1700068601","2","2008.6312568"
"ETH","1700068664","1700068670","6","2008.852490165"
"SOL","1700069080","1700069085","5","60.99267385"
"SOL","1700068544","1700068546","2","61.273599038"
"ETH","1700068701","1700068706","5","2009.267084835"
"ETH","1700068866","1700068868","2","2007.56875"
"SOL","1700069102","1700069105","3","60.942399016"
"BTC","1700068797","1700068801","4","36383"
"SOL","1700069042","1700069045","3","61.026652968"
"SOL","1700069085","1700069091","6","60.94806257"
"BTC","1700068653","1700068659","6","36415.84240359"
"ETH","1700069138","1700069140","2","2007.94559389"
"ETH","1700069122","1700069127","5","2007.75875"
"ETH","1700068440","1700068443","3","2008.779401815"
"ETH","1700068990","1700068996","6","2005.7225"
"BTC","1700068557","1700068563","6","36398.166814083"
"ETH","1700068768","1700068772","4","2005.60090879"
"BTC","1700068670","1700068678","8","36419.725272803"
"BTC","1700068397","1700068398","1","36369.99113566"
"SOL","1700068805","1700068808","3","61.185450795"
"ETH","1700068879","1700068887","8","2006.0425"
"BTC","1700068891","1700068893","2","36333.63369091"
"ETH","1700068636","1700068641","5","2009.07633075"
"SOL","1700068598","1700068601","3","61.18781246"
"ETH","1700068890","1700068893","3","2005.8569306"
"ETH","1700068704","1700068706","2","2009.2125"
"ETH","1700069044","1700069047","3","2008.22980763"
"SOL","1700068800","1700068802","2","61.146974745"
"SOL","1700068598","1700068601","3","61.18781246"
"ETH","1700068747","1700068755","8","2007.27917184"
"ETH","1700068866","1700068868","2","2007.56875"
"BTC","1700068978","1700068982","4","36346.439125405"
"ETH","1700069139","1700069142","3","2008.042930095"
"ETH","1700068886","1700068893","7","2005.721532165"
"ETH","1700068757","1700068760","3","2005.946808375"
"BTC","1700068647","1700068649","2","36417.227636095"
"BTC","1700069028","1700069034","6","36381.47266167"
"ETH","1700069098","1700069102","4","2006.621356"
"SOL","1700068782","1700068787","5","61.18009596"
"ETH","1700068788","1700068789","1","2006.169627286"
"ETH","1700068546","1700068547","1","2008.6225"
"ETH","1700068960","1700068966","6","2005.3955"
"ETH","1700068838","1700068843","5","2008.2"
"SOL","1700068809","1700068813","4","61.20154035"
"SOL","1700069021","1700069029","8","61.08771451"
"BTC","1700069090","1700069092","2","36362.52625"
"SOL","1700068487","1700068489","2","61.21575754"
"BTC","1700068735","1700068739","4","36416.311495115"
"BTC","1700068659","1700068663","4","36417.348"
"SOL","1700068872","1700068880","8","61.102724315"
"BTC","1700068687","1700068689","2","36427.55398644"
"ETH","1700068730","1700068735","5","2008.2883808"
"ETH","1700069122","1700069127","5","2007.75875"
"ETH","1700068911","1700068914","3","2005.59201371"
"ETH","1700068632","1700068636","4","2009.01875"
"SOL","1700068751","1700068753","2","61.28103822"
"SOL","1700068788","1700068789","1","61.177263055"
"SOL","1700068632","1700068634","2","61.40240964"
"SOL","1700068445","1700068451","6","61.219414715"
"ETH","1700068794","1700068796","2","2006.59785718"
"ETH","1700068746","1700068753","7","2007.724730461"
"BTC","1700068774","1700068778","4","36394.2928512"
"ETH","1700068679","1700068683","4","2009.06223971"
"SOL","1700068884","1700068889","5","61.07551704"
"SOL","1700068532","1700068535","3","61.26221918"
"SOL","1700068823","1700068826","3","61.21933775"
"SOL","1700068539","1700068542","3","61.28081079"
"SOL","1700068958","1700068966","8","61.06413753"
"SOL","1700069009","1700069019","10","61.02727953"
"ETH","1700068688","1700068694","6","2009.21612463"
"BTC","1700068813","1700068815","2","36396.60812965"
"ETH","1700068801","1700068805","4","2006.834117275"
"SOL","1700068965","1700068969","4","61.07098547"
"ETH","1700069119","1700069123","4","2007.6626275"
"SOL","1700069144","1700069148","4","61.11225901"
"ETH","1700069148","1700069153","5","2008.338987465"
"SOL","1700068936","1700068940","4","61.08561119"
"SOL","1700068632","1700068634","2","61.40240964"
"BTC","1700068837","1700068843","6","36414.548194765"
"BTC","1700068829","1700068832","3","36406.85293069"
"ETH","1700068704","1700068706","2","2009.2125"
"SOL","1700069067","1700069072","5","61.018239995"
"ETH","1700068755","1700068756","1","2006.2867121"
"SOL","1700068988","1700068990","2","61.05368438"
"BTC","1700068902","1700068903","1","36323.848402556"
"BTC","1700068658","1700068664","6","36417.76148348"
"BTC","1700068663","1700068665","2","36417.85421696"
"SOL","1700068542","1700068544","2","61.285265705"
"BTC","1700069085","1700069091","6","36354.72967916"
"BTC","1700068896","1700068901","5","36325.97694595"
"SOL","1700068709","1700068710","1","61.38386075"
"SOL","1700068476","1700068478","2","61.21165089"
"BTC","1700068631","1700068633","2","36415.95781989"
"ETH","1700068930","1700068932","2","2006.3"
"SOL","1700069138","1700069140","2","61.0776127"
"BTC","1700068994","1700068996","2","36354.7525"
"ETH","1700068872","1700068876","4","2006.325817455"
"SOL","1700069017","1700069023","6","61.104892175"
"ETH","1700069149","1700069153","4","2008.3520134"
"SOL","1700068601","1700068602","1","61.1971955"
"SOL","1700068814","1700068816","2","61.24155116"
"ETH","1700069157","1700069160","3","2008.8975"
"ETH","1700068634","1700068636","2","2009.004539995"
"BTC","1700068991","1700068996","5","36357.354861111"
"ETH","1700069149","1700069154","5","2008.3520134"
"ETH","1700068802","1700068808","6","2006.8275"
"SOL","1700068835","1700068838","3","61.24399999"
"SOL","1700068884","1700068889","5","61.07551704"
"ETH","1700068725","1700068726","1","2008.2833808"
"ETH","1700069038","1700069044","6","2007.818314585"
"SOL","1700068906","1700068911","5","61.06679026"
"ETH","1700068982","1700068986","4","2005.583504325"
"SOL","1700068941","1700068944","3","61.05829225"
"ETH","1700068901","1700068903","2","2005.48209874"
"SOL","1700069080","1700069084","4","60.99267385"
"ETH","1700069138","1700069140","2","2007.94559389"
"SOL","1700068866","1700068869","3","61.17444874"
"ETH","1700069136","1700069138","2","2007.76625"
"SOL","1700068837","1700068841","4","61.25"
"ETH","1700068545","1700068547","2","2008.7099824"
"BTC","1700068789","1700068794","5","36382.06668886"
"ETH","1700069127","1700069130","3","2007.75375"
"ETH","1700068659","1700068664","5","2008.97"
"SOL","1700068839","1700068844","5","61.25280876"
"ETH","1700069107","1700069109","2","2007.000068775"
"BTC","1700068979","1700068983","4","36347.6668174"
"SOL","1700068666","1700068671","5","61.25379269"
"ETH","1700068813","1700068816","3","2008.01875"
"SOL","1700069115","1700069122","7","61.00902802"
"SOL","1700068633","1700068636","3","61.39495446"
"ETH","1700069103","1700069148","45","2006.84924344"
"SOL","1700069102","1700069105","3","60.942399016"
"BTC","1700068707","1700068710","3","36429.67243456"
"SOL","1700068691","1700068694","3","61.36352434"
"ETH","1700068439","1700068441","2","2008.90880633"
"SOL","1700069016","1700069018","2","61.12944033"
"BTC","1700068885","1700068893","8","36336.170984727"
"BTC","1700069093","1700069099","6","36359.93238967"
"ETH","1700068783","1700068789","6","2006.0525"
"ETH","1700068510","1700068511","1","2008.68"
"ETH","1700068821","1700068826","5","2007.285"
"BTC","1700068834","1700068838","4","36412.692859343"
"SOL","1700068428","1700068436","8","61.33819592"
"BTC","1700068892","1700068895","3","36331.262590952"
"ETH","1700069114","1700069118","4","2007.1675"
"ETH","1700069068","1700069072","4","2006.11242835"
"BTC","1700069051","1700069084","33","36383.45221789"
"ETH","1700068813","1700068816","3","2008.01875"
"ETH","1700068503","1700068508","5","2008.769002361"
"SOL","1700069076","1700069078","2","60.99972254"
"BTC","1700068890","1700068893","3","36335.094425785"
"BTC","1700069143","1700069150","7","36390.36803785"
"BTC","1700068961","1700068966","5","36347.03268336"
"ETH","1700068834","1700068838","4","2008.076677465"
"SOL","1700068475","1700068477","2","61.207707505"
"BTC","1700068731","1700068735","4","36419.481221875"
"BTC","1700068779","1700068781","2","36390.663721225"
"SOL","1700068688","1700068691","3","61.35856603"
"ETH","1700068709","1700068711","2","2008.96569496"
"SOL","1700068791","1700068794","3","61.15833387"
"ETH","1700068533","1700068535","2","2008.2175"
"SOL","1700068481","1700068485","4","61.208742225"
"SOL","1700069008","1700069019","11","61.01812669"
"ETH","1700068898","1700068901","3","2005.52209874"
"SOL","1700068381","1700068383","2","61.231337525"
"ETH","1700069043","1700069148","105","2008.113120696"
"BTC","1700068890","1700068893","3","36335.094425785"
"ETH","1700068936","1700068940","4","2006.42411528"
"ETH","1700068687","1700068689","2","2009.150504071"
"SOL","1700068528","1700068534","6","61.25959224"
"SOL","1700068816","1700068821","5","61.23327558"
"ETH","1700068828","1700068829","1","2007.64715075"
"SOL","1700068830","1700068832","2","61.23798286"
"BTC","1700068600","1700068601","1","36388.72451146"
"ETH","1700068868","1700068870","2","2007.7453351"
"BTC","1700068654","1700068659","5","36417.975436625"
"BTC","1700068831","1700068835","4","36409.914765067"
"BTC","1700068622","1700068625","3","36413.947186365"
"BTC","1700068764","1700068766","2","36387.61885464"
"BTC","1700068795","1700068796","1","36393.40080531"
"SOL","1700068843","1700068845","2","61.2475"
"BTC","1700069000","1700069003","3","36359.452951745"
"BTC","1700069007","1700069009","2","36365.257312316"
"BTC","1700069129","1700069132","3","36381.74849197"
"BTC","1700068904","1700068911","7","36325.007034895"
"ETH","1700068601","1700068602","1","2008.786646525"
"SOL","1700068717","1700068719","2","61.32060874"
"SOL","1700069026","1700069034","8","61.04"
"ETH","1700069085","1700069091","6","2006.042499995"
"BTC","1700068756","1700068761","5","36393.392408313"
"SOL","1700068679","1700068683","4","61.26857142"
"ETH","1700068448","1700068450","2","2008.354711538"
"BTC","1700069036","1700069084","48","36390.814166666"
"BTC","1700068816","1700068820","4","36400.72835256"
"SOL","1700068610","1700068612","2","61.292173205"
"ETH","1700068849","1700068849","0","2008.228522015"
"ETH","1700068946","1700068954","8","2006.162796904"
"ETH","1700068710","1700068717","7","2008.7075"
"SOL","1700068533","1700068535","2","61.2650149"
"SOL","1700068801","1700068804","3","61.14489525"
"BTC","1700069102","1700069104","2","36370.83328502"
"SOL","1700068960","1700068966","6","61.06164745"
"ETH","1700068912","1700068914","2","2005.66369956"
"ETH","1700068905","1700068911","6","2005.459073058"
"SOL","1700069157","1700069161","4","61.223485703"
"SOL","1700068906","1700068911","5","61.06679026"
"SOL","1700069152","1700069153","1","61.13621473"
"SOL","1700068722","1700068726","4","61.33498081"
"BTC","1700069150","1700069153","3","36394.320895535"
"BTC","1700068529","1700068533","4","36391.539224495"
"ETH","1700068600","1700068601","1","2008.72566943"
"BTC","1700069043","1700069084","41","36391.691730769"
"ETH","1700068967","1700068972","5","2005.326519265"
"SOL","1700068973","1700068977","4","61.04756372"
"SOL","1700068965","1700068971","6","61.07098547"
"SOL","1700068911","1700068915","4","61.06601278"
"SOL","1700068564","1700068565","1","61.180284065"
"ETH","1700069157","1700069160","3","2008.88957331"
"SOL","1700068793","1700068794","1","61.15834733"
"ETH","1700068908","1700068912","4","2005.471439655"
"ETH","1700069056","1700069060","4","2007.702916595"
"SOL","1700068619","1700068623","4","61.33235067"
"SOL","1700068690","1700068694","4","61.365"
"SOL","1700069077","1700069081","4","60.9965337"
"BTC","1700068657","1700068663","6","36417.518114165"
"SOL","1700069034","1700069038","4","61.047842015"
"SOL","1700068945","1700068954","9","61.0560535"
"BTC","1700068840","1700068845","5","36414.17287118"
"BTC","1700068662","1700068663","1","36406.34417804"
"SOL","1700068949","1700068954","5","61.084866495"
"ETH","1700069151","1700069153","2","2008.5603625"
"SOL","1700069108","1700069112","4","60.9680165"
"BTC","1700068906","1700068911","5","36323.045242863"
"ETH","1700068662","1700068664","2","2008.86595559"
"SOL","1700068831","1700068835","4","61.244515485"
"BTC","1700069011","1700069019","8","36371.426905305"
"SOL","1700068878","1700068880","2","61.09938953"
"ETH","1700068696","1700068698","2","2009.635"
"BTC","1700068540","1700068542","2","36404.160077465"
"BTC","1700068669","1700068680","11","36421.33637653"
"ETH","1700068578","1700068579","1","2008.401748515"
"BTC","1700068884","1700068887","3","36336.929779411"
"BTC","1700069027","1700069085","58","36381.268347743"
"SOL","1700069080","1700069085","5","60.99267385"
"SOL","1700069083","1700069148","65","60.97457779"
"SOL","1700068468","1700068473","5","61.279725"
"SOL","1700068636","1700068641","5","61.41562136"
"SOL","1700068730","1700068735","5","61.327048523"
"ETH","1700068832","1700068838","6","2008.045"
"ETH","1700069156","1700069157","1","2008.871791"
"ETH","1700068673","1700068679","6","2009.12"
"ETH","1700068729","1700068735","6","2008.131412622"
"SOL","1700068944","1700068948","4","61.054877895"
"SOL","1700068409","1700068410","1","61.30316467"
"BTC","1700069105","1700069107","2","36374.451666661"
"SOL","1700069044","1700069046","2","61.0635209"
"SOL","1700069091","1700069093","2","60.86885687"
"BTC","1700069041","1700069045","4","36386.42489715"
"ETH","1700069077","1700069081","4","2005.866873756"
"BTC","1700068768","1700068770","2","36388.940639125"
"SOL","1700068880","1700068884","4","61.10563498"
"SOL","1700069000","1700069005","5","60.997679795"
"BTC","1700068785","1700068788","3","36381.34569815"
"ETH","1700069101","1700069105","4","2006.592195125"
"ETH","1700069150","1700069153","3","2008.49640794"
"BTC","1700068962","1700068965","3","36346.633710893"
"ETH","1700068856","1700068861","5","2007.66739592"
"BTC","1700068892","1700068895","3","36331.262590952"
"BTC","1700068916","1700068920","4","36328.252819205"
"ETH","1700068701","1700068706","5","2009.267084835"
"ETH","1700068828","1700068829","1","2007.64715075"
"BTC","1700069030","1700069084","54","36386.490068745"
"SOL","1700069055","1700069057","2","61.1068"
"ETH","1700068624","1700068630","6","2009.085324185"
"BTC","1700068641","1700068650","9","36421.42984398"
"BTC","1700068600","1700068601","1","36388.72451146"
"ETH","1700068743","1700068746","3","2007.85"
"ETH","1700068907","1700068911","4","2005.488568272"
"SOL","1700068687","1700068689","2","61.359400655"
"SOL","1700068600","1700068601","1","61.19552243"
"BTC","1700068671","1700068678","7","36421.449544578"
"BTC","1700068431","1700068436","5","36386.810784281"
"BTC","1700068489","1700068493","4","36391.340934693"
"SOL","1700068884","1700068887","3","61.07551704"
"BTC","1700068989","1700068991","2","36357.358928756"
"BTC","1700068787","1700068791","4","36391.365854583"
"SOL","1700068991","1700068996","5","61.0572706"
"ETH","1700069030","1700069084","54","2007.63430243"
"SOL","1700069076","1700069078","2","60.99972254"
"SOL","1700069161","1700069164","3","61.234428855"
"SOL","1700069077","1700069082","5","60.9965337"
"BTC","1700068898","1700068901","3","36325.379971987"
"ETH","1700069149","1700069153","4","2008.3520134"
"BTC","1700069016","1700069023","7","36379.6425"
"SOL","1700069028","1700069034","6","61.042666466"
"BTC","1700068679","1700068683","4","36420.113998765"
"SOL","1700068946","1700068954","8","61.060823725"
"BTC","1700068949","1700068954","5","36351.084711133"
"BTC","1700068821","1700068826","5","36399.16"
"ETH","1700068676","1700068679","3","2008.951957535"
"SOL","1700068932","1700068936","4","61.089037345"
"SOL","1700068744","1700068746","2","61.319192018"
"ETH","1700068824","1700068826","2","2007.325"
"SOL","1700068645","1700068652","7","61.40172591"
"SOL","1700069037","1700069041","4","61.03"
"ETH","1700068679","1700068683","4","2009.06223971"
"SOL","1700068801","1700068806","5","61.14489525"
"SOL","1700068874","1700068879","5","61.101625"
"BTC","1700068993","1700068996","3","36359.305178571"
"ETH","1700069076","1700069078","2","2005.794017155"
"BTC","1700069161","1700069164","3","36400.51170399"
"BTC","1700069157","1700069160","3","36403.05205822"
"ETH","1700068623","1700068630","7","2008.995779675"
"ETH","1700068729","1700068735","6","2008.131412622"
"ETH","1700069140","1700069148","8","2008.159754305"
"ETH","1700068665","1700068668","3","2008.919081539"
"BTC","1700068669","1700068678","9","36421.33637653"
"SOL","1700068781","1700068789","8","61.191565515"
"BTC","1700069050","1700069056","6","36383.68159289"
"BTC","1700068996","1700068997","1","36361.656666666"
"SOL","1700068652","1700068655","3","61.30385777"
"SOL","1700069083","1700069148","65","60.97457779"
"ETH","1700068480","1700068484","4","2008.55482808"
"ETH","1700068771","1700068778","7","2005.62294984"
"BTC","1700068898","1700068901","3","36325.379971987"
"SOL","1700068719","1700068723","4","61.32633708"
"BTC","1700068416","1700068418","2","36379.215"
"ETH","1700068990","1700068996","6","2005.7225"
"BTC","1700069034","1700069036","2","36388.718645145"
"BTC","1700068830","1700068835","5","36406.25163446"
"ETH","1700068990","1700068996","6","2005.7225"
"BTC","1700069048","1700069056","8","36384.766545225"
"SOL","1700069107","1700069109","2","60.960144785"
"ETH","1700069150","1700069153","3","2008.49640794"
"ETH","1700068718","1700068719","1","2008.24875"
"ETH","1700069121","1700069123","2","2007.79329116"
"BTC","1700068408","1700068409","1","36387.12875"
"BTC","1700068409","1700068410","1","36387.125"
"SOL","1700068961","1700068966","5","61.06942238"
"BTC","1700069049","1700069056","7","36383.91"
"ETH","1700069098","1700069102","4","2006.621356"
"ETH","1700068906","1700068914","8","2005.595"
"BTC","1700068994","1700068996","2","36354.7525"
"BTC","1700068823","1700068826","3","36398.22796203"
"ETH","1700068849","1700068850","1","2008.228522015"
"BTC","1700069114","1700069118","4","36375.401"
"ETH","1700068533","1700068535","2","2008.2175"
"SOL","1700068702","1700068706","4","61.38205422"
"BTC","1700068756","1700068761","5","36393.392408313"
"BTC","1700068489","1700068493","4","36391.340934693"
"BTC","1700069129","1700069132","3","36381.74849197"
"ETH","1700068838","1700068844","6","2008.2"
"BTC","1700069017","1700069023","6","36379.671"
"SOL","1700069085","1700069091","6","60.94806257"
"SOL","1700069014","1700069019","5","61.11331077"
"ETH","1700068708","1700068713","5","2009.13138992"
"BTC","1700069084","1700069091","7","36357.28375"
"SOL","1700068694","1700068695","1","61.37481423"
"SOL","1700068797","1700068800","3","61.16"
"SOL","1700068714","1700068716","2","61.329685465"
"BTC","1700068687","1700068689","2","36427.55398644"
"SOL","1700068891","1700068893","2","61.04609305"
"SOL","1700068829","1700068832","3","61.23755729"
"ETH","1700068790","1700068794","4","2006.3086874"
"BTC","1700069111","1700069114","3","36373.95"
"SOL","1700068744","1700068746","2","61.319192018"
"ETH","1700069026","1700069033","7","2007.45325568"
"SOL","1700068722","1700068725","3","61.33498081"
"BTC","1700069119","1700069123","4","36385.052180955"
"ETH","1700068657","1700068663","6","2008.85571169"
"BTC","1700068420","1700068424","4","36376.600833333"
"ETH","1700068730","1700068735","5","2008.2883808"
"ETH","1700068945","1700068954","9","2006.20041554"
"ETH","1700069098","1700069101","3","2006.621356"
"SOL","1700068872","1700068878","6","61.102724315"
"BTC","1700068864","1700068868","4","36396.919148185"
"ETH","1700068834","1700068838","4","2008.076677465"
"ETH","1700068834","1700068838","4","2008.076677465"
"ETH","1700068996","1700068997","1","2006.10275533"
"SOL","1700068928","1700068932","4","61.0960672"
"SOL","1700069122","1700069127","5","61.08636093"
"ETH","1700068822","1700068826","4","2007.265"
"ETH","1700068768","1700068770","2","2005.60090879"
"ETH","1700069130","1700069148","18","2007.73664558"
"BTC","1700068615","1700068620","5","36414.65115021"
"BTC","1700068868","1700068870","2","36373.408334533"
"BTC","1700069066","1700069072","6","36364.49067975"
"BTC","1700068935","1700068937","2","36334.125"
"BTC","1700068997","1700068999","2","36360.118666253"
"BTC","1700068907","1700068914","7","36323.58881205"
"ETH","1700068625","1700068632","7","2009.13678159"
"BTC","1700068711","1700068716","5","36418.642781405"
"BTC","1700068442","1700068450","8","36380.17637956"
"SOL","1700068826","1700068830","4","61.24155686"
"ETH","1700068788","1700068789","1","2006.169627286"
"ETH","1700069151","1700069153","2","2008.5603625"
"BTC","1700068443","1700068450","7","36389.29671522"
"ETH","1700068541","1700068542","1","2008.84424503"
"SOL","1700068776","1700068779","3","61.19135819"
"ETH","1700068736","1700068739","3","2007.91367293"
"BTC","1700068704","1700068706","2","36429.876388935"
"ETH","1700068781","1700068789","8","2005.957620155"
"BTC","1700069123","1700069130","7","36381.125"
"SOL","1700068755","1700068756","1","61.27034"
"ETH","1700068964","1700068970","6","2005.40125"
"BTC","1700069115","1700069122","7","36380.637813288"
"BTC","1700068918","1700068920","2","36328.04205389"
"SOL","1700068792","1700068794","2","61.15908387"
"ETH","1700068954","1700068959","5","2005.667170023"
"SOL","1700068993","1700068996","3","61.04542928"
"SOL","1700068727","1700068729","2","61.31995238"
"BTC","1700068954","1700068963","9","36346.60036725"
"SOL","1700069071","1700069078","7","61.01430201"
"ETH","1700069028","1700069034","6","2007.449179065"
"BTC","1700068958","1700068966","8","36341.6455"
"ETH","1700069072","1700069077","5","2005.94907862"
"BTC","1700068983","1700068985","2","36351.946608955"
"ETH","1700069131","1700069137","6","2007.727342925"
"BTC","1700068527","1700068534","7","36382.72894434"
"ETH","1700068936","1700068940","4","2006.42411528"
"SOL","1700069000","1700069003","3","60.997679795"
"BTC","1700068964","1700068967","3","36351.61565468"
"SOL","1700068905","1700068911","6","61.07358052"
"BTC","1700068485","1700068487","2","36393.60394572"
"ETH","1700068801","1700068803","2","2006.834117275"
"SOL","1700068511","1700068518","7","61.28055"
"ETH","1700068612","1700068614","2","2009.613567595"
"SOL","1700068669","1700068679","10","61.27475565"
"ETH","1700069055","1700069057","2","2007.74827405"
"ETH","1700069071","1700069077","6","2005.89"
"ETH","1700068513","1700068518","5","2008.62"
"ETH","1700068680","1700068686","6","2009.1"
"SOL","1700068722","1700068725","3","61.33498081"
"SOL","1700068781","1700068789","8","61.191565515"
"SOL","1700069035","1700069042","7","61.034130361"
"BTC","1700069077","1700069082","5","36355.0925"
"SOL","1700068680","1700068686","6","61.27434429"
"ETH","1700068616","1700068620","4","2009.713493901"
"SOL","1700068964","1700068971","7","61.074267545"
"SOL","1700069089","1700069091","2","60.92538999"
"ETH","1700069150","1700069153","3","2008.49640794"
"BTC","1700068735","1700068740","5","36416.311495115"
"SOL","1700068849","1700068850","1","61.229057565"
"SOL","1700069003","1700069008","5","61.01936187"
"BTC","1700068655","1700068659","4","36406.545"
"SOL","1700069016","1700069022","6","61.133"
"SOL","1700069051","1700069082","31","61.0961775"
"ETH","1700068954","1700068958","4","2005.667170023"
"ETH","1700068489","1700068496","7","2008.74189371"
"BTC","1700069062","1700069068","6","36380.04"
"SOL","1700068707","1700068710","3","61.38023627"
"ETH","1700068796","1700068800","4","2006.696601525"
"SOL","1700069142","1700069150","8","61.09907587"
"ETH","1700068709","1700068711","2","2008.96569496"
"ETH","1700069060","1700069066","6","2007.599861106"
"ETH","1700068878","1700068880","2","2006.051633555"
"BTC","1700068774","1700068778","4","36394.2928512"
"BTC","1700068924","1700068927","3","36325.58850983"
"SOL","1700068641","1700068649","8","61.40981774"
"ETH","1700068954","1700068959","5","2005.667170023"
"ETH","1700069069","1700069082","13","2006.3748567"
"ETH","1700068641","1700068646","5","2009.08138416"
"ETH","1700069114","1700069116","2","2007.1675"
"SOL","1700069081","1700069084","3","60.98072354"
"ETH","1700068885","1700068892","7","2005.736532165"
"BTC","1700068993","1700068996","3","36359.305178571"
"ETH","1700068579","1700068581","2","2008.37941186"
"SOL","1700068393","1700068398","5","61.31308584"
"ETH","1700068738","1700068742","4","2008.06923498"
"SOL","1700069089","1700069091","2","60.92538999"
"SOL","1700068969","1700068972","3","61.06419537"
"BTC","1700068466","1700068471","5","36394.34543177"
"BTC","1700068544","1700068546","2","36401.476573233"
"BTC","1700068826","1700068829","3","36402.542660173"
"ETH","1700068847","1700068849","2","2008.29775037"
"SOL","1700068973","1700068977","4","61.04756372"
"ETH","1700068391","1700068392","1","2008.686194825"
"SOL","1700069060","1700069065","5","61.067716685"
"ETH","1700069016","1700069023","7","2007.16048"
"ETH","1700068865","1700068869","4","2007.838338055"
"BTC","1700069069","1700069082","13","36358.9050025"
"SOL","1700068696","1700068698","2","61.40944114"
"SOL","1700069047","1700069050","3","61.08998778"
"ETH","1700068937","1700068944","7","2006.25407409"
"ETH","1700068714","1700068716","2","2008.38243184"
"BTC","1700068801","1700068807","6","36393.941884663"
"ETH","1700068956","1700068963","7","2005.51343894"
"BTC","1700068945","1700068951","6","36336.910129058"
"BTC","1700068655","1700068659","4","36406.545"
"SOL","1700068889","1700068893","4","61.0641791"
"BTC","1700068670","1700068680","10","36419.725272803"
"BTC","1700068916","1700068920","4","36328.252819205"
"ETH","1700068889","1700068893","4","2005.85684421"
"BTC","1700068901","1700068902","1","36323.415914975"
"SOL","1700068631","1700068633","2","61.40985361"
"ETH","1700068929","1700068932","3","2006.124999995"
"BTC","1700068961","1700068966","5","36347.03268336"
"ETH","1700068610","1700068612","2","2009.34146909"
"ETH","1700068866","1700068868","2","2007.56875"
"SOL","1700068526","1700068528","2","61.279493458"
"SOL","1700068816","1700068822","6","61.23327558"
"BTC","1700068643","1700068649","6","36420.92439071"
"ETH","1700068631","1700068633","2","2009.0075"
"ETH","1700068883","1700068887","4","2005.82835779"
"ETH","1700068818","1700068826","8","2007.414772727"
"ETH","1700068629","1700068633","4","2009.0525"
"ETH","1700068906","1700068911","5","2005.595"
"BTC","1700069064","1700069073","9","36372.973252068"
"SOL","1700069103","1700069148","45","60.94456"
"BTC","1700068880","1700068884","4","36348.612210776"
"SOL","1700069121","1700069123","2","61.104303409"
"BTC","1700069139","1700069144","5","36387.818917366"
"SOL","1700068890","1700068893","3","61.05462128"
"SOL","1700068934","1700068937","3","61.09061287"
"BTC","1700068696","1700068698","2","36432.859240805"
"SOL","1700068983","1700068986","3","61.04255583"
"SOL","1700068987","1700068989","2","61.061077655"
"SOL","1700068882","1700068886","4","61.10340891"
"BTC","1700068916","1700068920","4","36328.252819205"
"ETH","1700068822","1700068826","4","2007.265"
"ETH","1700068989","1700068995","6","2005.82"
"SOL","1700069067","1700069074","7","61.018239995"
"BTC","1700069127","1700069130","3","36383.950533545"
"ETH","1700069150","1700069153","3","2008.49640794"
"ETH","1700069165","1700069168","3","2008.950431395"
"SOL","1700068847","1700068849","2","61.240511595"
"BTC","1700069038","1700069042","4","36390.887499995"
"ETH","1700068890","1700068893","3","2005.8569306"
"BTC","1700068857","1700068861","4","36396.174704446"
"SOL","1700068895","1700068901","6","61.067556975"
"BTC","1700068546","1700068547","1","36398.105869591"
"ETH","1700068940","1700068944","4","2005.98"
"SOL","1700069055","1700069057","2","61.1068"
"SOL","1700068755","1700068756","1","61.27034"
"BTC","1700069161","1700069164","3","36400.51170399"
"BTC","1700068754","1700068758","4","36396.975"
"SOL","1700068598","1700068601","3","61.18781246"
"ETH","1700068635","1700068641","6","2009.1"
"SOL","1700068800","1700068801","1","61.146974745"
"BTC","1700068849","1700068850","1","36411.814737513"
"ETH","1700068869","1700068872","3","2006.720391915"
"ETH","1700068918","1700068920","2","2005.455"
"BTC","1700068791","1700068794","3","36381.95"
"ETH","1700068934","1700068937","3","2006.46064818"
"BTC","1700068753","1700068758","5","36397.12496287"
"ETH","1700068480","1700068484","4","2008.55482808"
"SOL","1700068958","1700068966","8","61.06413753"
"ETH","1700068802","1700068808","6","2006.8275"
"SOL","1700068738","1700068743","5","61.292526"
"ETH","1700068826","1700068828","2","2007.48625"
"BTC","1700068747","1700068753","6","36406.800092719"
"ETH","1700068965","1700068969","4","2005.402355823"
"SOL","1700068816","1700068819","3","61.23327558"
"ETH","1700068997","1700068999","2","2006.032807965"
"BTC","1700069081","1700069084","3","36356.985640236"
"SOL","1700069127","1700069130","3","61.047700125"
"BTC","1700069080","1700069085","5","36355.049416053"
"SOL","1700069148","1700069153","5","61.0962935"
"ETH","1700069152","1700069153","1","2008.56965598"
"ETH","1700068730","1700068735","5","2008.2883808"
"SOL","1700068954","1700068958","4","61.061117875"
"ETH","1700068724","1700068726","2","2008.2883808"
"ETH","1700068868","1700068870","2","2006.99834688"
"BTC","1700069040","1700069084","44","36390.701071428"
"ETH","1700068870","1700068872","2","2006.97850017"
"BTC","1700068808","1700068812","4","36388.3065674"
"SOL","1700069067","1700069073","6","61.018239995"
"ETH","1700069131","1700069137","6","2007.727342925"
"SOL","1700069064","1700069072","8","61.02011483"
"ETH","1700068617","1700068623","6","2009.8875"
"SOL","1700069137","1700069139","2","61.06179238"
"BTC","1700069152","1700069153","1","36394.647586916"
"BTC","1700068666","1700068667","1","36419.723384483"
"SOL","1700068805","1700068808","3","61.185450795"
"SOL","1700068725","1700068726","1","61.33019674"
"SOL","1700068679","1700068683","4","61.26857142"
"ETH","1700068996","1700068997","1","2006.10275533"
"ETH","1700068525","1700068530","5","2008.67811778"
"ETH","1700068862","1700068864","2","2007.745160853"
"BTC","1700068488","1700068489","1","36384.91788794"
"SOL","1700068564","1700068566","2","61.180284065"
"ETH","1700068849","1700068850","1","2008.228522015"
"ETH","1700068600","1700068601","1","2008.72566943"
"ETH","1700068721","1700068725","4","2008.34"
"BTC","1700068397","1700068398","1","36369.99113566"
"ETH","1700069085","1700069091","6","2006.042499995"
"SOL","1700069017","1700069023","6","61.104892175"
"ETH","1700068717","1700068719","2","2008.26"
"BTC","1700068955","1700068958","3","36343.785"
"ETH","1700068936","1700068940","4","2006.42411528"
"SOL","1700068753","1700068758","5","61.26665125"
"BTC","1700068725","1700068726","1","36419.378571428"
"BTC","1700068936","1700068940","4","36334.125"
"SOL","1700068752","1700068758","6","61.281731671"
"ETH","1700068700","1700068704","4","2009.42"
"BTC","1700068870","1700068872","2","36364.294809855"
"SOL","1700069103","1700069148","45","60.94456"
"SOL","1700068964","1700068970","6","61.074267545"
"SOL","1700069116","1700069122","6","61.09537529"
"SOL","1700068795","1700068796","1","61.15877633"
"ETH","1700069081","1700069084","3","2006.062152155"
"BTC","1700069140","1700069148","8","36390.7459822"
"ETH","1700069025","1700069084","59","2007.476332525"
"SOL","1700069044","1700069046","2","61.0635209"
"ETH","1700069156","1700069157","1","2008.871791"
"BTC","1700068868","1700068870","2","36377.458303578"
"SOL","1700068861","1700068863","2","61.19939387"
"BTC","1700068626","1700068630","4","36415.550355586"
"BTC","1700068793","1700068794","1","36393.53"
"BTC","1700068884","1700068892","8","36336.929779411"
"SOL","1700069058","1700069063","5","61.088773328"
"ETH","1700068579","1700068582","3","2008.37941186"
"ETH","1700068609","1700068612","3","2009.0225"
"SOL","1700068717","1700068719","2","61.32060874"
"SOL","1700068884","1700068888","4","61.07551704"
"ETH","1700068954","1700068958","4","2005.667170023"
"ETH","1700068996","1700068997","1","2006.10275533"
"BTC","1700069150","1700069153","3","36394.320895535"
"SOL","1700068632","1700068634","2","61.40240964"
"SOL","1700069130","1700069150","20","61.056449106"
"SOL","1700068860","1700068863","3","61.20106061"
"BTC","1700068815","1700068817","2","36402.454436955"
"SOL","1700068826","1700068828","2","61.24155686"
"SOL","1700068755","1700068756","1","61.27034"
"BTC","1700068647","1700068649","2","36417.227636095"
"SOL","1700068670","1700068678","8","61.27209759"
"SOL","1700068991","1700068996","5","61.0572706"
"BTC","1700069017","1700069023","6","36379.671"
"SOL","1700068889","1700068893","4","61.0641791"
"SOL","1700068416","1700068418","2","61.30510653"
"ETH","1700068632","1700068636","4","2009.01875"
"ETH","1700068859","1700068864","5","2007.73932752"
"BTC","1700068543","1700068544","1","36401.51951441"
"BTC","1700069026","1700069034","8","36382.789214605"
"SOL","1700068960","1700068966","6","61.06164745"
"ETH","1700069060","1700069068","8","2007.599861106"
"SOL","1700069057","1700069064","7","61.105"
"BTC","1700069117","1700069122","5","36384.832997916"
"BTC","1700068555","1700068556","1","36395.530980744"
"BTC","1700069008","1700069019","11","36364.8725"
"SOL","1700068746","1700068755","9","61.30354693"
"BTC","1700068740","1700068743","3","36417.42707853"
"ETH","1700068911","1700068914","3","2005.59201371"
"BTC","1700068700","1700068702","2","36428.519819021"
"SOL","1700068816","1700068820","4","61.23327558"
"SOL","1700068709","1700068712","3","61.38386075"
"BTC","1700068774","1700068778","4","36394.2928512"
"BTC","1700069143","1700069148","5","36390.36803785"
"ETH","1700069091","1700069093","2","2006.41095329"
"SOL","1700068990","1700068996","6","61.050006655"
"BTC","1700068669","1700068676","7","36421.33637653"
"SOL","1700068644","1700068649","5","61.4075"
"BTC","1700069149","1700069153","4","36390.47033394"
"ETH","1700068730","1700068735","5","2008.2883808"
"ETH","1700068803","1700068808","5","2006.86"
"BTC","1700068944","1700068954","10","36333.0075"
"ETH","1700068736","1700068739","3","2007.91367293"
"BTC","1700068614","1700068617","3","36400.965"
"ETH","1700069076","1700069077","1","2005.794017155"
"SOL","1700068873","1700068880","7","61.10376675"
"SOL","1700069111","1700069114","3","60.990438445"
"BTC","1700068856","1700068861","5","36395.38445746"
"SOL","1700068610","1700068612","2","61.292173205"
"BTC","1700068510","1700068511","1","36392.559218371"
"ETH","1700068921","1700068927","6","2005.569464285"
"ETH","1700068847","1700068849","2","2008.29775037"
"SOL","1700068857","1700068861","4","61.1802324"
"BTC","1700068912","1700068915","3","36327.217951358"
"BTC","1700068624","1700068630","6","36413.62193758"
"ETH","1700068895","1700068901","6","2005.51016021"
"ETH","1700068997","1700068999","2","2006.032807965"
"SOL","1700068770","1700068773","3","61.23047482"
"ETH","1700068864","1700068868","4","2007.7925"
"ETH","1700069035","1700069042","7","2007.64590708"
"SOL","1700069056","1700069058","2","61.10278827"
"BTC","1700068521","1700068524","3","36396.978399825"
"ETH","1700068433","1700068435","2","2009.08"
"SOL","1700069148","1700069153","5","61.0962935"
"BTC","1700068601","1700068602","1","36400.61930659"
"ETH","1700068648","1700068652","4","2008.567209575"
"SOL","1700068658","1700068663","5","61.29752583"
"ETH","1700068776","1700068780","4","2005.9"
"SOL","1700069118","1700069123","5","61.07888538"
"BTC","1700069150","1700069156","6","36394.320895535"
"ETH","1700068905","1700068914","9","2005.459073058"
"BTC","1700069106","1700069108","2","36374.535"
"BTC","1700068755","1700068761","6","36395.3326647"
"ETH","1700069078","1700069081","3","2005.91437029"
"BTC","1700069057","1700069063","6","36387.892171589"
"BTC","1700068610","1700068612","2","36406.188837188"
"SOL","1700069055","1700069057","2","61.1068"
"SOL","1700069076","1700069078","2","60.99972254"
"ETH","1700068820","1700068826","6","2007.285"
"ETH","1700068517","1700068521","4","2008.62853881"
"SOL","1700068918","1700068920","2","61.0615525"
"BTC","1700068988","1700068990","2","36357.0715"
"ETH","1700068757","1700068761","4","2005.946808375"
"BTC","1700069077","1700069081","4","36355.0925"
"SOL","1700068763","1700068765","2","61.25299999"
"SOL","1700068944","1700068950","6","61.054877895"
"ETH","1700068789","1700068794","5","2006.212961215"
"SOL","1700068419","1700068420","1","61.2920365"
"SOL","1700068964","1700068969","5","61.074267545"
"SOL","1700068917","1700068920","3","61.06315077"
"ETH","1700068600","1700068601","1","2008.72566943"
"ETH","1700068709","1700068712","3","2008.96569496"
"ETH","1700069138","1700069140","2","2007.94559389"
"SOL","1700068790","1700068794","4","61.159605516"
"BTC","1700069151","1700069153","2","36394.143720546"
"BTC","1700068649","1700068653","4","36415.565028905"
"SOL","1700068579","1700068581","2","61.15255691"
"ETH","1700068579","1700068582","3","2008.37941186"
"ETH","1700068997","1700068999","2","2006.032807965"
"ETH","1700068760","1700068762","2","2005.56"
"SOL","1700068884","1700068887","3","61.07551704"
"BTC","1700069034","1700069038","4","36388.718645145"
"BTC","1700069038","1700069044","6","36390.887499995"
"BTC","1700069084","1700069091","7","36357.28375"
"SOL","1700069089","1700069091","2","60.92538999"
"BTC","1700069115","1700069121","6","36380.637813288"
"BTC","1700069151","1700069153","2","36394.143720546"
"BTC","1700068840","1700068844","4","36414.17287118"
"SOL","1700068868","1700068870","2","61.15281391"
"BTC","1700069034","1700069036","2","36388.718645145"
"BTC","1700068947","1700068954","7","36345.40483683"
"ETH","1700068763","1700068766","3","2005.66187895"
"ETH","1700068696","1700068698","2","2009.635"
"SOL","1700068769","1700068771","2","61.24"
"ETH","1700068753","1700068758","5","2006.28"
"SOL","1700068839","1700068844","5","61.25280876"
"BTC","1700068964","1700068971","7","36351.61565468"
"BTC","1700068739","1700068742","3","36408.07619478"
"ETH","1700068697","1700068698","1","2009.6325"
"ETH","1700068686","1700068689","3","2009.13"
"ETH","1700068648","1700068650","2","2008.567209575"
"BTC","1700069056","1700069060","4","36389.010027261"
"BTC","1700069060","1700069068","8","36384.797885875"
"BTC","1700068729","1700068735","6","36418.87207853"
"SOL","1700068671","1700068679","8","61.289690105"
"BTC","1700068977","1700068982","5","36346.901625405"
"ETH","1700068676","1700068679","3","2008.951957535"
"ETH","1700068808","1700068812","4","2007.582456595"
"SOL","1700068724","1700068726","2","61.33325808"
"BTC","1700068769","1700068771","2","36387.880691231"
"BTC","1700068821","1700068826","5","36399.16"
"SOL","1700068861","1700068863","2","61.19939387"
"SOL","1700068565","1700068566","1","61.18589332"
"ETH","1700068885","1700068892","7","2005.736532165"
"BTC","1700069130","1700069148","18","36381.3745"
"ETH","1700068884","1700068889","5","2005.766251"
"SOL","1700069159","1700069162","3","61.215"
"BTC","1700068798","1700068801","3","36393.7"
"ETH","1700068776","1700068780","4","2005.9"
"ETH","1700069035","1700069041","6","2007.64590708"
"ETH","1700068870","1700068872","2","2006.97850017"
"BTC","1700068848","1700068849","1","36403.08180861"
"ETH","1700069054","1700069057","3","2007.81045198"
"ETH","1700069100","1700069105","5","2006.582832155"
"ETH","1700069063","1700069065","2","2006.89846637"
"BTC","1700068807","1700068808","1","36400.12912509"
"ETH","1700068880","1700068884","4","2006.13"
"BTC","1700068806","1700068809","3","36398.76184768"
"SOL","1700068977","1700068984","7","61.05007297"
"ETH","1700068761","1700068762","1","2005.495453705"
"ETH","1700068753","1700068758","5","2006.28"
"SOL","1700068818","1700068826","8","61.2229573"
"SOL","1700069043","1700069085","42","61.03523699"
"ETH","1700068616","1700068620","4","2009.713493901"
"SOL","1700068620","1700068623","3","61.333914307"
"BTC","1700069008","1700069019","11","36364.8725"
"BTC","1700069047","1700069051","4","36385.798297742"
"SOL","1700068676","1700068678","2","61.260689556"
"ETH","1700068534","1700068535","1","2008.344836535"
"BTC","1700068683","1700068686","3","36423.068922759"
"SOL","1700069127","1700069130","3","61.047700125"
"ETH","1700069137","1700069139","2","2007.82414558"
"ETH","1700068666","1700068670","4","2009.021937277"
"SOL","1700069133","1700069137","4","61.057903225"
"SOL","1700068397","1700068398","1","61.29342203"
"BTC","1700069046","1700069048","2","36389.935900896"
"BTC","1700068689","1700068694","5","36428.48768314"
"SOL","1700068920","1700068924","4","61.061942225"
"ETH","1700069055","1700069057","2","2007.74827405"
"ETH","1700068775","1700068777","2","2005.9301705"
"BTC","1700068876","1700068880","4","36348.669717075"
"BTC","1700068607","1700068608","1","36402.27494254"
"ETH","1700069035","1700069041","6","2007.64590708"
"BTC","1700068732","1700068735","3","36418.867495115"
"BTC","1700068907","1700068911","4","36323.58881205"
"SOL","1700068979","1700068982","3","61.04292409"
"BTC","1700068756","1700068761","5","36393.392408313"
"SOL","1700068917","1700068920","3","61.06315077"
"SOL","1700069134","1700069137","3","61.05790816"
"SOL","1700068864","1700068868","4","61.20343667"
"BTC","1700069115","1700069122","7","36380.637813288"
"BTC","1700068880","1700068887","7","36348.032624531"
"SOL","1700068837","1700068843","6","61.25"
"SOL","1700068797","1700068801","4","61.15949668"
"BTC","1700068670","1700068679","9","36419.725272803"
"BTC","1700068711","1700068716","5","36418.642781405"
"BTC","1700069077","1700069082","5","36355.0925"
"BTC","1700069128","1700069130","2","36381.6719509"
"ETH","1700069109","1700069114","5","2007.09193913"
"SOL","1700068921","1700068927","6","61.06274291"
"SOL","1700068865","1700068868","3","61.20215142"
"SOL","1700068983","1700068988","5","61.04255583"
"ETH","1700068998","1700068999","1","2005.845"
"SOL","1700068465","1700068466","1","61.29970238"
"SOL","1700068930","1700068932","2","61.08660546"
"SOL","1700068940","1700068944","4","61.059663415"
"ETH","1700068829","1700068836","7","2007.714698155"
"SOL","1700068969","1700068972","3","61.06419537"
"SOL","1700068549","1700068551","2","61.244282836"
"BTC","1700069040","1700069081","41","36390.701071428"
"ETH","1700069115","1700069120","5","2007.49"
"BTC","1700068400","1700068402","2","36378.402307687"
"ETH","1700069041","1700069045","4","2007.93169172"
"SOL","1700069130","1700069148","18","61.056449106"
"ETH","1700068698","1700068700","2","2009.533562405"
"BTC","1700068968","1700068972","4","36344.871770082"
"ETH","1700068691","1700068694","3","2009.37700536"
"BTC","1700068652","1700068655","3","36406.58266204"
"ETH","1700068390","1700068391","1","2008.758695125"
"SOL","1700068626","1700068629","3","61.375"
"SOL","1700068645","1700068649","4","61.40172591"
"BTC","1700068820","1700068826","6","36388.88449872"
"ETH","1700068860","1700068863","3","2007.694998323"
"BTC","1700068391","1700068392","1","36377.33347411"
"SOL","1700068737","1700068739","2","61.2953436"
"ETH","1700068874","1700068880","6","2006.076573015"
"BTC","1700068815","1700068817","2","36402.454436955"
"BTC","1700068911","1700068914","3","36327.434017535"
"ETH","1700068511","1700068518","7","2008.5075"
"ETH","1700068746","1700068753","7","2007.724730461"
"BTC","1700068595","1700068600","5","36399.8918497"
"SOL","1700068838","1700068845","7","61.25627039"
"BTC","1700068414","1700068419","5","36383.72"
"ETH","1700068920","1700068926","6","2005.485497205"
"SOL","1700068547","1700068548","1","61.26778493"
"BTC","1700068515","1700068518","3","36383.46"
"BTC","1700068979","1700068984","5","36347.6668174"
"BTC","1700069145","1700069150","5","36388.18291115"
"ETH","1700068797","1700068802","5","2006.761415"
"ETH","1700068730","1700068735","5","2008.2883808"
"SOL","1700068741","1700068743","2","61.29031286"
"SOL","1700068866","1700068868","2","61.17444874"
"SOL","1700068640","1700068644","4","61.41386907"
"ETH","1700069068","1700069073","5","2006.11242835"
"SOL","1700068384","1700068386","2","61.2441054"
"ETH","1700068694","1700068695","1","2009.44886445"
"SOL","1700068889","1700068893","4","61.0641791"
"BTC","1700068881","1700068888","7","36347.521884413"
"ETH","1700068927","1700068928","1","2005.84543184"
"ETH","1700069143","1700069148","5","2008.226199265"
"BTC","1700069158","1700069162","4","36402.88375"
"ETH","1700068800","1700068801","1","2007.01032523"
"ETH","1700068954","1700068959","5","2005.667170023"
"BTC","1700068804","1700068808","4","36393.7"
"BTC","1700068465","1700068467","2","36393.47775733"
"ETH","1700068599","1700068601","2","2008.6312568"
"SOL","1700068624","1700068629","5","61.366020195"
"SOL","1700069108","1700069111","3","60.9680165"
"SOL","1700069076","1700069077","1","60.99972254"
"ETH","1700068792","1700068794","2","2006.31339011"
"BTC","1700069076","1700069078","2","36352.9725"
"BTC","1700068893","1700068895","2","36331.818189372"
"ETH","1700068908","1700068911","3","2005.471439655"
"SOL","1700068936","1700068941","5","61.08561119"
"SOL","1700069098","1700069102","4","60.89997583"
"SOL","1700068598","1700068601","3","61.18781246"
"SOL","1700068390","1700068391","1","61.33300936"
"SOL","1700069011","1700069017","6","61.04227953"
"ETH","1700068672","1700068679","7","2009.1"
"ETH","1700068919","1700068920","1","2005.46152894"
"SOL","1700068843","1700068845","2","61.2475"
"BTC","1700069103","1700069148","45","36373.371998865"
"SOL","1700068614","1700068617","3","61.325767465"
"ETH","1700068727","1700068731","4","2008.21875"
"BTC","1700068381","1700068383","2","36370.828301041"
"SOL","1700069123","1700069130","7","61.07889589"
"ETH","1700068883","1700068885","2","2005.82835779"
"BTC","1700068912","1700068914","2","36327.217951358"
"ETH","1700068750","1700068755","5","2006.45081114"
"ETH","1700068954","1700068958","4","2005.667170023"
"SOL","1700068843","1700068845","2","61.2475"
"SOL","1700068998","1700068999","1","61.007791185"
"ETH","1700069146","1700069148","2","2008.285"
"SOL","1700068861","1700068863","2","61.19939387"
"BTC","1700068632","1700068635","3","36416.18231726"
"ETH","1700069082","1700069085","3","2006.05524785"
"ETH","1700069137","1700069139","2","2007.82414558"
"SOL","1700068911","1700068914","3","61.06601278"
"ETH","1700069014","1700069019","5","2007.09"
"ETH","1700068738","1700068742","4","2008.06923498"
"BTC","1700068465","1700068467","2","36393.47775733"
"BTC","1700068671","1700068679","8","36421.449544578"
"ETH","1700069038","1700069040","2","2007.818314585"
"ETH","1700068422","1700068427","5","2008.60759146"
"SOL","1700069059","1700069084","25","61.09076224"
"BTC","1700068959","1700068966","7","36341.24072782"
"SOL","1700069112","1700069114","2","60.99006531"
"ETH","1700068610","1700068612","2","2009.34146909"
"BTC","1700068862","1700068863","1","36396.84282069"
"ETH","1700068748","1700068753","5","2007.1"
"BTC","1700068903","1700068908","5","36324.74680555"
"BTC","1700068607","1700068608","1","36402.27494254"
"SOL","1700068790","1700068794","4","61.159605516"
"ETH","1700068816","1700068821","5","2007.741923076"
"SOL","1700068726","1700068731","5","61.31389187"
"ETH","1700068736","1700068739","3","2007.91367293"
"BTC","1700068993","1700068996","3","36359.305178571"
"SOL","1700068431","1700068437","6","61.308655118"
"BTC","1700068726","1700068735","9","36418.87707853"
"BTC","1700068750","1700068755","5","36399.687098161"
"BTC","1700068781","1700068789","8","36381.76861023"
"BTC","1700069123","1700069130","7","36381.125"
"ETH","1700069000","1700069005","5","2005.935"
"SOL","1700068431","1700068435","4","61.308655118"
"ETH","1700068709","1700068710","1","2008.96569496"
"BTC","1700068776","1700068780","4","36394.271808395"
"ETH","1700068847","1700068849","2","2008.29775037"
"ETH","1700068662","1700068664","2","2008.86595559"
"ETH","1700068823","1700068826","3","2007.26"
"SOL","1700068935","1700068937","2","61.09122238"
"BTC","1700068703","1700068706","3","36430.317007825"
"SOL","1700068999","1700069005","6","60.99037187"
"ETH","1700068673","1700068678","5","2009.12"
"ETH","1700068399","1700068401","2","2008.79"
"BTC","1700068542","1700068544","2","36402.05076441"
"SOL","1700069067","1700069072","5","61.018239995"
"BTC","1700068725","1700068726","1","36419.378571428"
"ETH","1700068916","1700068920","4","2005.558534325"
"BTC","1700069105","1700069107","2","36374.451666661"
"ETH","1700068437","1700068438","1","2008.94934742"
"BTC","1700068407","1700068409","2","36387.748899305"
"SOL","1700068812","1700068813","1","61.239749995"
"ETH","1700069067","1700069072","5","2006.212068285"
"BTC","1700069129","1700069134","5","36381.74849197"
"ETH","1700068695","1700068698","3","2009.61276656"
"SOL","1700068901","1700068902","1","61.085492735"
"ETH","1700068731","1700068736","5","2008.150107645"
"SOL","1700068971","1700068972","1","61.06406404"
"SOL","1700068839","1700068844","5","61.25280876"
"BTC","1700069069","1700069084","15","36358.9050025"
"BTC","1700068762","1700068765","3","36384.7515697"
"ETH","1700068666","1700068676","10","2009.021937277"
"SOL","1700069056","1700069060","4","61.10278827"
"SOL","1700069051","1700069085","34","61.0961775"
"SOL","1700068538","1700068541","3","61.27626059"
"ETH","1700068715","1700068717","2","2008.51999999"
"BTC","1700068669","1700068679","10","36421.33637653"
"SOL","1700068776","1700068780","4","61.19135819"
"ETH","1700069023","1700069081","58","2007.37170732"
"SOL","1700068822","1700068826","4","61.22819277"
"BTC","1700068708","1700068712","4","36429.68743456"
"SOL","1700068726","1700068731","5","61.31389187"
"BTC","1700068500","1700068501","1","36390.127100696"
"SOL","1700068996","1700068997","1","61.029472155"
"ETH","1700068498","1700068501","3","2008.77125"
"ETH","1700068659","1700068664","5","2008.97"
"BTC","1700068712","1700068717","5","36417.557930895"
"SOL","1700069159","1700069162","3","61.215"
"ETH","1700068649","1700068652","3","2008.690916661"
"ETH","1700068834","1700068838","4","2008.076677465"
"ETH","1700069096","1700069148","52","2006.53800675"
"SOL","1700069009","1700069016","7","61.02727953"
"SOL","1700068408","1700068410","2","61.290988623"
"SOL","1700068392","1700068393","1","61.307245394"
"SOL","1700068662","1700068663","1","61.29311"
"BTC","1700068977","1700068984","7","36346.901625405"
"SOL","1700068984","1700068988","4","61.04205601"
"ETH","1700068609","1700068612","3","2009.0225"
"SOL","1700069089","1700069091","2","60.92538999"
"SOL","1700068579","1700068582","3","61.15255691"
"ETH","1700069129","1700069132","3","2007.77625"
"BTC","1700068798","1700068802","4","36393.7"
"SOL","1700068751","1700068753","2","61.28103822"
"SOL","1700068703","1700068706","3","61.36627005"
"BTC","1700068625","1700068630","5","36414.233636195"
"SOL","1700068652","1700068655","3","61.30385777"
"SOL","1700068978","1700068983","5","61.04430375"
"ETH","1700069132","1700069137","5","2007.75375"
"ETH","1700069085","1700069091","6","2006.042499995"
"BTC","1700069089","1700069091","2","36361.928142216"
"SOL","1700068884","1700068886","2","61.07551704"
"ETH","1700068930","1700068932","2","2006.3"
"BTC","1700068838","1700068843","5","36415.060363053"
"ETH","1700068715","1700068717","2","2008.51999999"
"ETH","1700068632","1700068635","3","2009.01875"
"BTC","1700068731","1700068736","5","36419.481221875"
"BTC","1700068695","1700068698","3","36432.639792025"
"BTC","1700068599","1700068601","2","36388.21287956"
"ETH","1700068967","1700068972","5","2005.326519265"
"ETH","1700068601","1700068602","1","2008.786646525"
"ETH","1700069035","1700069041","6","2007.64590708"
"ETH","1700068669","1700068679","10","2009.066737493"
"ETH","1700069143","1700069148","5","2008.226199265"
"ETH","1700068739","1700068743","4","2008.00339258"
"SOL","1700068880","1700068884","4","61.11061652"
"SOL","1700068973","1700068977","4","61.04756372"
"ETH","1700068847","1700068849","2","2008.29775037"
"BTC","1700069162","1700069166","4","36398.474601995"
"ETH","1700068805","1700068808","3","2007.1659978"
"BTC","1700068756","1700068761","5","36393.392408313"
"SOL","1700068636","1700068641","5","61.41562136"
"ETH","1700068946","1700068954","8","2006.162796904"
"SOL","1700069115","1700069122","7","61.00902802"
"BTC","1700068521","1700068524","3","36396.978399825"
"ETH","1700069099","1700069103","4","2006.56"
"BTC","1700068547","1700068548","1","36397.729668015"
"BTC","1700068697","1700068698","1","36432.910347088"
"ETH","1700068839","1700068844","5","2008.249647195"
"BTC","1700068492","1700068500","8","36394.53824189"
"BTC","1700068695","1700068698","3","36432.639792025"
"SOL","1700068872","1700068876","4","61.102724315"
"SOL","1700068642","1700068649","7","61.41280955"
"SOL","1700069161","1700069164","3","61.234428855"
"BTC","1700068626","1700068630","4","36415.550355586"
"BTC","1700068524","1700068526","2","36397.259343225"
"ETH","1700069123","1700069130","7","2007.73664558"
"BTC","1700068968","1700068972","4","36344.871770082"
"SOL","1700068980","1700068984","4","61.04580651"
"SOL","1700069012","1700069019","7","61.042751405"
"ETH","1700068684","1700068686","2","2009.1219187"
"BTC","1700068639","1700068641","2","36419.577390413"
"BTC","1700069119","1700069123","4","36385.052180955"
"ETH","1700068778","1700068780","2","2005.70655315"
"ETH","1700068857","1700068861","4","2007.696439335"
"SOL","1700068676","1700068679","3","61.260689556"
"ETH","1700069100","1700069105","5","2006.582832155"
"SOL","1700069045","1700069081","36","61.0718438"
"ETH","1700068834","1700068838","4","2008.076677465"
"SOL","1700068865","1700068869","4","61.20215142"
"SOL","1700068885","1700068889","4","61.07634523"
"ETH","1700068880","1700068887","7","2006.23215219"
"ETH","1700068911","1700068914","3","2005.59201371"
"ETH","1700069117","1700069121","4","2007.68654807"
"ETH","1700068687","1700068689","2","2009.150504071"
"ETH","1700069117","1700069122","5","2007.68654807"
"SOL","1700069162","1700069169","7","61.242886435"
"BTC","1700069051","1700069081","30","36383.45221789"
"BTC","1700069156","1700069157","1","36398.11025475"
"SOL","1700068448","1700068450","2","61.2791758"
"BTC","1700068503","1700068508","5","36387.368209941"
"BTC","1700068774","1700068778","4","36394.2928512"
"BTC","1700068772","1700068778","6","36393.983082846"
"SOL","1700068809","1700068813","4","61.20154035"
"ETH","1700068826","1700068829","3","2007.48625"
"BTC","1700068870","1700068872","2","36364.294809855"
"ETH","1700068984","1700068985","1","2005.70477575"
"ETH","1700069042","1700069045","3","2008.078224255"
"BTC","1700068621","1700068623","2","36413.195106125"
"BTC","1700068625","1700068630","5","36414.233636195"
"ETH","1700068922","1700068927","5","2005.67738356"
"BTC","1700068946","1700068954","8","36341.145622544"
"ETH","1700068965","1700068970","5","2005.402355823"
"BTC","1700069011","1700069019","8","36371.426905305"
"BTC","1700068731","1700068735","4","36419.481221875"
"BTC","1700069005","1700069009","4","36367.09928024"
"ETH","1700068817","1700068826","9","2007.52615715"
"SOL","1700068832","1700068835","3","61.253775"
"BTC","1700068839","1700068844","5","36415.52224822"
"ETH","1700068611","1700068614","3","2009.42657409"
"SOL","1700068940","1700068944","4","61.059663415"
"ETH","1700068878","1700068880","2","2006.051633555"
"BTC","1700069006","1700069009","3","36363.09"
"SOL","1700069010","1700069019","9","61.02455906"
"ETH","1700069081","1700069084","3","2006.062152155"
"ETH","1700068691","1700068694","3","2009.37700536"
"BTC","1700068965","1700068971","6","36349.606400906"
"BTC","1700068815","1700068817","2","36402.454436955"
"ETH","1700068422","1700068427","5","2008.60759146"
"SOL","1700068806","1700068808","2","61.17945035"
"BTC","1700069109","1700069114","5","36374.40178708"
"SOL","1700068598","1700068601","3","61.18781246"
"ETH","1700068601","1700068602","1","2008.786646525"
"BTC","1700069027","1700069084","57","36381.268347743"
"SOL","1700069100","1700069105","5","60.916080015"
"ETH","1700068928","1700068932","4","2005.69168504"
"SOL","1700068964","1700068971","7","61.074267545"
"BTC","1700068847","1700068850","3","36412.210904305"
"ETH","1700069098","1700069101","3","2006.621356"
"BTC","1700069145","1700069148","3","36388.18291115"
"SOL","1700068853","1700068861","8","61.195"
"SOL","1700068831","1700068835","4","61.244515485"
"BTC","1700068398","1700068400","2","36377.053333333"
"BTC","1700068784","1700068787","3","36390.582396025"
"ETH","1700068692","1700068694","2","2009.49127819"
"SOL","1700068642","1700068649","7","61.41280955"
"SOL","1700068971","1700068972","1","61.06406404"
"SOL","1700068964","1700068968","4","61.074267545"
"ETH","1700069069","1700069083","14","2006.3748567"
"ETH","1700069148","1700069153","5","2008.338987465"
"ETH","1700068964","1700068967","3","2005.40125"
"SOL","1700068381","1700068384","3","61.231337525"
"BTC","1700069076","1700069078","2","36352.9725"
"BTC","1700068517","1700068520","3","36396.149225456"
"BTC","1700068663","1700068665","2","36417.85421696"
"SOL","1700068956","1700068966","10","61.06304834"
"BTC","1700069121","1700069123","2","36380.84606804"
"ETH","1700069041","1700069045","4","2007.93169172"
"BTC","1700069138","1700069140","2","36385.87812115"
"BTC","1700068863","1700068868","5","36396.737481518"
"ETH","1700068841","1700068844","3","2008.25058387"
"ETH","1700068919","1700068920","1","2005.46152894"
"ETH","1700069001","1700069005","4","2005.884752501"
"ETH","1700069105","1700069107","2","2006.947632095"
"ETH","1700068555","1700068556","1","2008.123516476"
"BTC","1700068610","1700068612","2","36406.188837188"
"BTC","1700068694","1700068695","1","36433.334361288"
"SOL","1700068813","1700068816","3","61.23305829"
"SOL","1700068826","1700068829","3","61.24155686"
"ETH","1700068718","1700068720","2","2008.24875"
"SOL","1700068381","1700068384","3","61.231337525"
"SOL","1700068407","1700068409","2","61.320833333"
"ETH","1700069118","1700069123","5","2007.6626899"
"BTC","1700068690","1700068694","4","36430.083150875"
"BTC","1700068734","1700068739","5","36417.072495115"
"BTC","1700068438","1700068439","1","36389.6352825"
"SOL","1700068761","1700068763","2","61.25102319"
"SOL","1700069003","1700069009","6","61.01936187"
"BTC","1700069028","1700069034","6","36381.47266167"
"BTC","1700068598","1700068601","3","36400.58128966"
"ETH","1700069043","1700069148","105","2008.113120696"
"SOL","1700069010","1700069019","9","61.02455906"
"BTC","1700068641","1700068644","3","36421.42984398"
"BTC","1700068704","1700068706","2","36429.876388935"
"ETH","1700068940","1700068944","4","2005.98"
"ETH","1700068863","1700068868","5","2007.7925"
"BTC","1700068636","1700068641","5","36416.33987744"
"BTC","1700068522","1700068526","4","36399.488470023"
"SOL","1700069055","1700069057","2","61.1068"
"BTC","1700068384","1700068386","2","36373.941168816"
"SOL","1700068813","1700068815","2","61.23305829"
"ETH","1700068891","1700068893","2","2005.63834916"
"SOL","1700068872","1700068876","4","61.102724315"
"BTC","1700068565","1700068566","1","36402.261602945"
"BTC","1700068839","1700068844","5","36415.52224822"
"BTC","1700069084","1700069091","7","36357.28375"
"SOL","1700068454","1700068458","4","61.28375"
"SOL","1700068783","1700068787","4","61.19019192"
"BTC","1700069035","1700069042","7","36390.56"
"BTC","1700069098","1700069102","4","36368.684579985"
"BTC","1700068598","1700068601","3","36400.58128966"
"ETH","1700068678","1700068683","5","2009.06247604"
"BTC","1700068890","1700068893","3","36335.094425785"
"BTC","1700068955","1700068958","3","36343.785"
"SOL","1700068946","1700068954","8","61.060823725"
"ETH","1700068765","1700068768","3","2005.514687768"
"ETH","1700069058","1700069064","6","2007.665397655"
"SOL","1700069039","1700069045","6","61.026365355"
"ETH","1700068651","1700068655","4","2008.82094894"
"ETH","1700068819","1700068826","7","2007.34"
"SOL","1700069129","1700069134","5","61.047957715"
"SOL","1700068611","1700068614","3","61.2857932"
"BTC","1700068801","1700068805","4","36393.941884663"
"SOL","1700068804","1700068808","4","61.16345115"
"SOL","1700068961","1700068966","5","61.06942238"
"ETH","1700069077","1700069082","5","2005.866873756"
"BTC","1700069157","1700069160","3","36403.05205822"
"SOL","1700068381","1700068384","3","61.231337525"
"SOL","1700068440","1700068441","1","61.26510061"
"BTC","1700068801","1700068804","3","36393.941884663"
"ETH","1700068907","1700068914","7","2005.488568272"
"ETH","1700069004","1700069008","4","2005.974824015"
"ETH","1700069098","1700069103","5","2006.621356"
"BTC","1700069137","1700069139","2","36383.810227812"
"ETH","1700068869","1700068872","3","2006.720391915"
"BTC","1700068911","1700068914","3","36327.434017535"
"ETH","1700068396","1700068398","2","2008.6525"
"SOL","1700068954","1700068958","4","61.061117875"
"BTC","1700068535","1700068537","2","36401.059375"
"ETH","1700069011","1700069019","8","2006.438786"
"BTC","1700068822","1700068826","4","36398.805967835"
"SOL","1700068441","1700068444","3","61.2608216"
"ETH","1700068397","1700068398","1","2008.673333333"
"SOL","1700068666","1700068680","14","61.25379269"
"BTC","1700068913","1700068920","7","36327.901725868"
"BTC","1700068709","1700068712","3","36429.59917714"
"SOL","1700068707","1700068715","8","61.38023627"
"SOL","1700068790","1700068794","4","61.159605516"
"ETH","1700069107","1700069109","2","2007.000068775"
"SOL","1700068649","1700068655","6","61.31277898"
"ETH","1700068762","1700068766","4","2005.580283381"
"ETH","1700068762","1700068765","3","2005.580283381"
"SOL","1700068601","1700068602","1","61.1971955"
"ETH","1700068687","1700068689","2","2009.150504071"
"ETH","1700068823","1700068826","3","2007.26"
"SOL","1700068863","1700068868","5","61.19443667"
"ETH","1700068785","1700068787","2","2006.040317775"
"ETH","1700069000","1700069004","4","2005.935"
"ETH","1700068788","1700068789","1","2006.169627286"
"SOL","1700068750","1700068754","4","61.2847128"
"BTC","1700068507","1700068511","4","36394.778814583"
"BTC","1700068760","1700068765","5","36383.100147058"
"BTC","1700068982","1700068985","3","36350.382541437"
"ETH","1700068613","1700068617","4","2009.6125"
"ETH","1700068866","1700068869","3","2007.56875"
"ETH","1700068504","1700068508","4","2008.64341874"
"BTC","1700068870","1700068872","2","36364.294809855"
"BTC","1700068632","1700068635","3","36416.18231726"
"SOL","1700069031","1700069035","4","61.05505532"
"SOL","1700069112","1700069114","2","60.99006531"
"SOL","1700068862","1700068863","1","61.196856198"
"BTC","1700068989","1700068996","7","36357.358928756"
"ETH","1700068736","1700068739","3","2007.91367293"
"ETH","1700068805","1700068809","4","2007.1659978"
"BTC","1700068777","1700068779","2","36392.666174555"
"ETH","1700068947","1700068954","7","2006.267142857"
"SOL","1700068916","1700068920","4","61.060807085"
"SOL","1700068860","1700068863","3","61.20106061"
"BTC","1700068887","1700068893","6","36338.36474251"
"BTC","1700068433","1700068437","4","36389.12092"
"SOL","1700068985","1700068989","4","61.046325"
"SOL","1700068900","1700068901","1","61.070961438"
"ETH","1700069029","1700069034","5","2007.53401363"
"SOL","1700068993","1700068996","3","61.04542928"
"SOL","1700069039","1700069045","6","61.026365355"
"SOL","1700068955","1700068958","3","61.0629557"
"SOL","1700068638","1700068641","3","61.420002715"
"BTC","1700068962","1700068971","9","36347.540883223"
"BTC","1700068936","1700068940","4","36334.125"
"BTC","1700068925","1700068927","2","36325.5878918"
"SOL","1700068770","1700068778","8","61.23047482"
"SOL","1700068989","1700068995","6","61.05682862"
"BTC","1700068540","1700068542","2","36404.160077465"
"BTC","1700068679","1700068683","4","36420.113998765"
"SOL","1700068839","1700068844","5","61.25280876"
"ETH","1700068874","1700068880","6","2006.076573015"
"ETH","1700068979","1700068983","4","2005.38684158"
"SOL","1700068730","1700068735","5","61.327048523"
"ETH","1700069103","1700069148","45","2006.84924344"
"BTC","1700068780","1700068785","5","36390.4"
"SOL","1700068936","1700068941","5","61.08561119"
"SOL","1700068774","1700068776","2","61.19636816"
"SOL","1700069007","1700069008","1","61.0200235"
"BTC","1700069003","1700069009","6","36365.553648485"
"SOL","1700068984","1700068988","4","61.04205601"
"BTC","1700069138","1700069140","2","36385.87812115"
"BTC","1700068680","1700068686","6","36420.653313801"
"SOL","1700068694","1700068695","1","61.37481423"
"SOL","1700068831","1700068835","4","61.244515485"
"ETH","1700068940","1700068944","4","2005.98"
"SOL","1700069003","1700069009","6","61.01936187"
"SOL","1700068445","1700068451","6","61.219414715"
"BTC","1700069060","1700069069","9","36384.797885875"
"BTC","1700068631","1700068633","2","36415.95781989"
"BTC","1700069129","1700069134","5","36381.74849197"
"SOL","1700068823","1700068826","3","61.21933775"
"BTC","1700068564","1700068565","1","36388.59999999"
"SOL","1700068916","1700068920","4","61.060807085"
"BTC","1700069111","1700069114","3","36373.95"
"BTC","1700069086","1700069091","5","36357.01983958"
"ETH","1700069057","1700069063","6","2007.76781219"
"BTC","1700068870","1700068872","2","36364.294809855"
"BTC","1700068960","1700068966","6","36344.02462995"
"ETH","1700068998","1700068999","1","2005.845"
"ETH","1700068840","1700068844","4","2008.249647195"
"SOL","1700068918","1700068920","2","61.0615525"
"ETH","1700068783","1700068789","6","2006.0525"
"SOL","1700068498","1700068501","3","61.2022957"
"BTC","1700069036","1700069082","46","36390.814166666"
"BTC","1700068642","1700068649","7","36420.27450569"
"BTC","1700068695","1700068697","2","36432.639792025"
"BTC","1700069072","1700069078","6","36354.60213893"
"SOL","1700069076","1700069077","1","60.99972254"
"ETH","1700069099","1700069104","5","2006.56"
"SOL","1700069101","1700069105","4","60.933311265"
"ETH","1700069023","1700069082","59","2007.37170732"
"ETH","1700068478","1700068479","1","2008.373510935"
"ETH","1700068537","1700068541","4","2008.66263298"
"SOL","1700068684","1700068686","2","61.310971215"
"BTC","1700068753","1700068758","5","36397.12496287"
"SOL","1700068835","1700068838","3","61.24399999"
"BTC","1700068969","1700068973","4","36345.333314345"
"BTC","1700068980","1700068984","4","36348.010849751"
"SOL","1700069065","1700069073","8","61.011896205"
"SOL","1700068706","1700068715","9","61.37128252"
"SOL","1700068753","1700068758","5","61.26665125"
"BTC","1700068756","1700068761","5","36393.392408313"
"BTC","1700068502","1700068505","3","36387.098531495"
"BTC","1700068944","1700068952","8","36333.0075"
"BTC","1700068688","1700068691","3","36428.364668315"
"SOL","1700068856","1700068861","5","61.18530535"
"ETH","1700069132","1700069137","5","2007.75375"
"BTC","1700069035","1700069043","8","36390.56"
"BTC","1700068894","1700068900","6","36330.132944126"
"SOL","1700068743","1700068746","3","61.29556026"
"SOL","1700068795","1700068796","1","61.15877633"
"SOL","1700069028","1700069034","6","61.042666466"
"ETH","1700068816","1700068823","7","2007.741923076"
"SOL","1700068891","1700068893","2","61.04609305"
"SOL","1700069032","1700069035","3","61.05500394"
"ETH","1700069108","1700069112","4","2007.017883055"
"SOL","1700068803","1700068808","5","61.16198485"
"ETH","1700068927","1700068932","5","2005.84543184"
"ETH","1700068637","1700068641","4","2009.06767232"
"SOL","1700068567","1700068572","5","61.156876745"
"ETH","1700069134","1700069137","3","2007.75122602"
"ETH","1700068805","1700068808","3","2007.1659978"
"BTC","1700068673","1700068679","6","36421.521211245"
"ETH","1700069159","1700069162","3","2008.97125"
"BTC","1700069019","1700069025","6","36376.51165609"
"ETH","1700069076","1700069078","2","2005.794017155"
"SOL","1700069140","1700069148","8","61.09101989"
"ETH","1700068530","1700068534","4","2008.02"
"SOL","1700068806","1700068808","2","61.17945035"
"ETH","1700068862","1700068864","2","2007.745160853"
"SOL","1700068873","1700068879","6","61.10376675"
"BTC","1700069030","1700069081","51","36386.490068745"
"ETH","1700068613","1700068617","4","2009.6125"
"SOL","1700069028","1700069034","6","61.042666466"
"BTC","1700068997","1700068999","2","36360.118666253"
"BTC","1700069103","1700069148","45","36373.371998865"
"ETH","1700068735","1700068740","5","2007.87350631"
"BTC","1700068600","1700068601","1","36388.72451146"
"SOL","1700068635","1700068637","2","61.40440159"
"ETH","1700068556","1700068563","7","2008.140996915"
"BTC","1700069101","1700069105","4","36370.471117435"
"ETH","1700068496","1700068500","4","2008.85356703"
"SOL","1700068941","1700068944","3","61.05829225"
"ETH","1700068579","1700068582","3","2008.37941186"
"BTC","1700068882","1700068887","5","36343.404588669"
"SOL","1700068973","1700068977","4","61.04756372"
"ETH","1700068855","1700068861","6","2007.81830347"
"ETH","1700068725","1700068726","1","2008.2833808"
"BTC","1700068823","1700068826","3","36398.22796203"
"BTC","1700068839","1700068844","5","36415.52224822"
"ETH","1700068835","1700068838","3","2008.121099651"
"BTC","1700068462","1700068465","3","36393.71112534"
"BTC","1700068664","1700068669","5","36407.46019658"
"BTC","1700068609","1700068612","3","36403.664211563"
"ETH","1700068504","1700068508","4","2008.64341874"
"ETH","1700068621","1700068623","2","2009.009654385"
"SOL","1700068703","1700068706","3","61.36627005"
"BTC","1700068769","1700068772","3","36387.880691231"
"BTC","1700068954","1700068958","4","36346.60036725"
"SOL","1700068518","1700068521","3","61.28694294"
"BTC","1700069105","1700069107","2","36374.451666661"
"BTC","1700068722","1700068726","4","36419.11972025"
"BTC","1700069130","1700069148","18","36381.3745"
"SOL","1700068785","1700068789","4","61.18393121"
"SOL","1700068687","1700068689","2","61.359400655"
"SOL","1700068863","1700068868","5","61.19443667"
"SOL","1700068739","1700068743","4","61.29970222"
"BTC","1700068924","1700068927","3","36325.58850983"
"SOL","1700069161","1700069164","3","61.234428855"
"ETH","1700068855","1700068861","6","2007.81830347"
"BTC","1700068900","1700068901","1","36323.556282815"
"BTC","1700068926","1700068927","1","36329.372512565"
"BTC","1700068912","1700068914","2","36327.217951358"
"BTC","1700068955","1700068959","4","36343.785"
"SOL","1700069101","1700069105","4","60.933311265"
"BTC","1700069035","1700069041","6","36390.56"
"ETH","1700068667","1700068673","6","2009.04460932"
"SOL","1700069121","1700069123","2","61.104303409"
"SOL","1700069107","1700069109","2","60.960144785"
"BTC","1700068843","1700068848","5","36413.408184275"
"SOL","1700068751","1700068753","2","61.28103822"
"SOL","1700068451","1700068451","0","61.30075819"
"SOL","1700069137","1700069139","2","61.06179238"
"BTC","1700068880","1700068886","6","36348.032624531"
"SOL","1700068914","1700068918","4","61.06032934"
"SOL","1700068401","1700068404","3","61.321140935"
"ETH","1700068815","1700068817","2","2007.885"
"ETH","1700068707","1700068711","4","2009.01019496"
"ETH","1700069102","1700069105","3","2006.641594895"
"SOL","1700068429","1700068435","6","61.33"
"ETH","1700068609","1700068612","3","2009.0225"
"SOL","1700069026","1700069034","8","61.04"
"ETH","1700069133","1700069137","4","2007.71539558"
"BTC","1700068892","1700068895","3","36331.262590952"
"ETH","1700068951","1700068954","3","2006.245"
"BTC","1700068998","1700068999","1","36358.147154155"
"SOL","1700068544","1700068547","3","61.273599038"
"BTC","1700068753","1700068758","5","36397.12496287"
"BTC","1700068760","1700068762","2","36383.100147058"
"BTC","1700068674","1700068678","4","36421.44173493"
"ETH","1700069105","1700069107","2","2006.947632095"
"ETH","1700068839","1700068845","6","2008.249647195"
"SOL","1700069055","1700069057","2","61.1068"
"BTC","1700068609","1700068612","3","36403.664211563"
"ETH","1700068700","1700068702","2","2009.42"
"SOL","1700068792","1700068794","2","61.15908387"
"ETH","1700069033","1700069084","51","2007.67367626"
"BTC","1700068746","1700068751","5","36414.121905252"
"ETH","1700068905","1700068911","6","2005.459073058"
"ETH","1700068954","1700068958","4","2005.667170023"
"ETH","1700069092","1700069096","4","2006.48347808"
"SOL","1700069140","1700069150","10","61.09101989"
"BTC","1700068423","1700068427","4","36373.558696845"
"BTC","1700068700","1700068702","2","36428.519819021"
"ETH","1700068782","1700068788","6","2005.94891885"
"SOL","1700068874","1700068880","6","61.101625"
"SOL","1700068822","1700068826","4","61.22819277"
"ETH","1700068753","1700068760","7","2006.28"
"BTC","1700068979","1700068983","4","36347.6668174"
"BTC","1700068908","1700068913","5","36326.175517241"
"BTC","1700068924","1700068927","3","36325.58850983"
"SOL","1700068964","1700068971","7","61.074267545"
"SOL","1700068945","1700068949","4","61.0560535"
"SOL","1700068971","1700068972","1","61.06406404"
"SOL","1700068901","1700068902","1","61.085492735"
"BTC","1700068746","1700068750","4","36414.121905252"
"ETH","1700068746","1700068753","7","2007.724730461"
"BTC","1700068961","1700068966","5","36347.03268336"
"ETH","1700068946","1700068954","8","2006.162796904"
"SOL","1700069021","1700069028","7","61.08771451"
"SOL","1700069099","1700069101","2","60.90527637"
"BTC","1700068442","1700068448","6","36380.17637956"
"SOL","1700068820","1700068826","6","61.22631083"
"SOL","1700068783","1700068787","4","61.19019192"
"BTC","1700069041","1700069045","4","36386.42489715"
"ETH","1700068677","1700068683","6","2009.09879094"
"BTC","1700068892","1700068895","3","36331.262590952"
"ETH","1700069083","1700069148","65","2006.15162819"
"ETH","1700068906","1700068914","8","2005.595"
"SOL","1700068988","1700068990","2","61.05368438"
"ETH","1700068873","1700068878","5","2006.117916666"
"SOL","1700068843","1700068844","1","61.2475"
"ETH","1700068734","1700068739","5","2008.17701262"
"BTC","1700068982","1700068985","3","36350.382541437"
"BTC","1700068677","1700068680","3","36421.08370253"
"SOL","1700068954","1700068960","6","61.061117875"
"SOL","1700068468","1700068472","4","61.279725"
"BTC","1700068691","1700068694","3","36429.396666661"
"ETH","1700069099","1700069103","4","2006.56"
"BTC","1700069007","1700069009","2","36365.257312316"
"SOL","1700069011","1700069019","8","61.04227953"
"BTC","1700068690","1700068694","4","36430.083150875"
"BTC","1700069039","1700069045","6","36390.410833333"
"SOL","1700069062","1700069068","6","61.04509647"
"BTC","1700068602","1700068603","1","36390.39861318"
"BTC","1700068805","1700068808","3","36395.310454545"
"ETH","1700068742","1700068743","1","2007.848226215"
"BTC","1700069021","1700069026","5","36380.7475"
"ETH","1700068654","1700068663","9","2008.97536838"
"ETH","1700068864","1700068869","5","2007.7925"
"SOL","1700068878","1700068880","2","61.09938953"
"ETH","1700068617","1700068623","6","2009.8875"
"SOL","1700068762","1700068764","2","61.244444535"
"BTC","1700068793","1700068794","1","36393.53"
"ETH","1700068889","1700068893","4","2005.85684421"
"SOL","1700068904","1700068912","8","61.07961836"
"BTC","1700069001","1700069003","2","36361.929987652"
"BTC","1700069034","1700069036","2","36388.718645145"
"ETH","1700068867","1700068868","1","2007.3025"
"ETH","1700068493","1700068498","5","2008.77509027"
"BTC","1700069001","1700069003","2","36361.929987652"
"ETH","1700068821","1700068826","5","2007.285"
"SOL","1700068920","1700068926","6","61.061942225"
"BTC","1700068743","1700068746","3","36417.241921705"
"SOL","1700068926","1700068927","1","61.09857582"
"ETH","1700068956","1700068959","3","2005.51343894"
"ETH","1700069122","1700069127","5","2007.75875"
"BTC","1700068781","1700068789","8","36381.76861023"
"SOL","1700068894","1700068900","6","61.05772887"
"SOL","1700068663","1700068665","2","61.265360245"
"ETH","1700068864","1700068868","4","2007.7925"
"SOL","1700068632","1700068636","4","61.40240964"
"BTC","1700068535","1700068537","2","36401.059375"
"BTC","1700068807","1700068808","1","36400.12912509"
"BTC","1700069081","1700069084","3","36356.985640236"
"BTC","1700068880","1700068888","8","36348.032624531"
"BTC","1700069003","1700069008","5","36365.553648485"
"SOL","1700068891","1700068893","2","61.04609305"
"BTC","1700068708","1700068715","7","36429.68743456"
"SOL","1700068381","1700068383","2","61.231337525"
"SOL","1700068895","1700068901","6","61.067556975"
"SOL","1700068639","1700068641","2","61.41280955"
"BTC","1700069085","1700069091","6","36354.72967916"
"BTC","1700069123","1700069128","5","36381.125"
"SOL","1700069105","1700069107","2","60.9493453"
"BTC","1700068525","1700068534","9","36394.8515092"
"BTC","1700069039","1700069045","6","36390.410833333"
"SOL","1700068725","1700068727","2","61.33019674"
"BTC","1700068709","1700068711","2","36429.59917714"
"SOL","1700068947","1700068954","7","61.06164745"
"BTC","1700068789","1700068794","5","36382.06668886"
"BTC","1700068428","1700068435","7","36382.4625"
"ETH","1700068702","1700068708","6","2009.17398093"
"ETH","1700068649","1700068655","6","2008.700505446"
"BTC","1700068735","1700068739","4","36416.311495115"
"ETH","1700068912","1700068914","2","2005.66369956"
"ETH","1700068770","1700068771","1","2005.69774548"
"BTC","1700069055","1700069057","2","36389.3075"
"SOL","1700068791","1700068794","3","61.15833387"
"BTC","1700069018","1700069021","3","36380.28479019"
"ETH","1700068501","1700068503","2","2008.543405805"
"BTC","1700068527","1700068534","7","36382.72894434"
"ETH","1700068638","1700068641","3","2009.14409464"
"SOL","1700068893","1700068898","5","61.05164375"
"SOL","1700068828","1700068829","1","61.23659297"
"SOL","1700069065","1700069073","8","61.011896205"
"BTC","1700068704","1700068706","2","36429.876388935"
"SOL","1700068671","1700068678","7","61.289690105"
"SOL","1700068724","1700068726","2","61.33325808"
"BTC","1700069064","1700069072","8","36372.973252068"
"BTC","1700068652","1700068655","3","36406.58266204"
"BTC","1700068598","1700068601","3","36400.58128966"
"BTC","1700069067","1700069072","5","36360.901760985"
"SOL","1700068533","1700068535","2","61.2650149"
"ETH","1700068560","1700068563","3","2008.34567231"
"BTC","1700068635","1700068641","6","36415.34512996"
"SOL","1700068885","1700068893","8","61.07634523"
"ETH","1700068427","1700068436","9","2008.702436945"
"ETH","1700068565","1700068566","1","2008.50051617"
"BTC","1700068815","1700068817","2","36402.454436955"
"SOL","1700068655","1700068659","4","61.28905356"
"ETH","1700068619","1700068623","4","2009.249009781"
"ETH","1700068600","1700068601","1","2008.72566943"
"ETH","1700068779","1700068781","2","2005.75438986"
"SOL","1700069076","1700069078","2","60.99972254"
"ETH","1700068748","1700068754","6","2007.1"
"BTC","1700068819","1700068826","7","36399.14450743"
"ETH","1700068837","1700068842","5","2008.18725975"
"BTC","1700069048","1700069056","8","36384.766545225"
"SOL","1700068914","1700068918","4","61.06032934"
"ETH","1700069039","1700069045","6","2007.928803355"
"SOL","1700068828","1700068829","1","61.23659297"
"ETH","1700068906","1700068914","8","2005.595"
"SOL","1700068400","1700068402","2","61.29119823"
"BTC","1700068944","1700068952","8","36333.0075"
"BTC","1700068626","1700068631","5","36415.550355586"
"BTC","1700069029","1700069034","5","36384.549842283"
"SOL","1700068432","1700068436","4","61.317839275"
"ETH","1700068756","1700068760","4","2006.207098508"
"ETH","1700068718","1700068720","2","2008.24875"
"ETH","1700068493","1700068497","4","2008.77509027"
"ETH","1700068922","1700068927","5","2005.67738356"
"BTC","1700068857","1700068861","4","36396.174704446"
"SOL","1700069077","1700069082","5","60.9965337"
"SOL","1700068870","1700068873","3","61.13683681"
"ETH","1700068429","1700068435","6","2008.86098333"
"BTC","1700068652","1700068655","3","36406.58266204"
"BTC","1700068925","1700068927","2","36325.5878918"
"SOL","1700068960","1700068966","6","61.06164745"
"BTC","1700068690","1700068694","4","36430.083150875"
"ETH","1700068997","1700068999","2","2006.032807965"
"SOL","1700068616","1700068620","4","61.34785"
"SOL","1700068660","1700068663","3","61.29780115"
"ETH","1700068688","1700068691","3","2009.21612463"
"SOL","1700068780","1700068784","4","61.20059479"
"ETH","1700068739","1700068743","4","2008.00339258"
"ETH","1700068892","1700068894","2","2005.566554446"
"ETH","1700068757","1700068761","4","2005.946808375"
"SOL","1700069121","1700069123","2","61.104303409"
"SOL","1700068947","1700068954","7","61.06164745"
"ETH","1700069081","1700069084","3","2006.062152155"
"SOL","1700068773","1700068776","3","61.18818408"
"BTC","1700068782","1700068787","5","36390.07132853"
"BTC","1700068704","1700068706","2","36429.876388935"
"ETH","1700068906","1700068911","5","2005.595"
"BTC","1700068966","1700068972","6","36347.034435935"
"ETH","1700068616","1700068620","4","2009.713493901"
"ETH","1700068632","1700068636","4","2009.01875"
"BTC","1700068945","1700068949","4","36336.910129058"
"SOL","1700069072","1700069077","5","60.99593253"
"BTC","1700068685","1700068686","1","36425.130878364"
"ETH","1700069149","1700069157","8","2008.3520134"
"SOL","1700068774","1700068778","4","61.19636816"
"ETH","1700068967","1700068972","5","2005.326519265"
"SOL","1700069157","1700069161","4","61.223485703"
"SOL","1700068820","1700068826","6","61.22631083"
"SOL","1700069000","1700069003","3","60.998369435"
"SOL","1700069076","1700069077","1","60.99972254"
"SOL","1700068676","1700068679","3","61.260689556"
"BTC","1700068870","1700068872","2","36364.294809855"
"BTC","1700069132","1700069137","5","36380.96753987"
"ETH","1700068956","1700068966","10","2005.51343894"
"SOL","1700069043","1700069082","39","61.03523699"
"SOL","1700069008","1700069015","7","61.01812669"
"SOL","1700069043","1700069082","39","61.03523699"
"SOL","1700068969","1700068972","3","61.06419537"
"BTC","1700069100","1700069105","5","36369.670833333"
"BTC","1700068826","1700068829","3","36402.542660173"
"BTC","1700068652","1700068655","3","36406.58266204"
"SOL","1700068864","1700068868","4","61.20343667"
"SOL","1700068383","1700068386","3","61.22589708"
"BTC","1700068686","1700068688","2","36426.01335651"
"BTC","1700068669","1700068679","10","36421.33637653"
"ETH","1700068882","1700068887","5","2005.699049905"
"SOL","1700068656","1700068664","8","61.291235795"
"ETH","1700068955","1700068959","4","2005.536280675"
"SOL","1700068973","1700068979","6","61.04756372"
"SOL","1700068624","1700068630","6","61.366020195"
"BTC","1700068964","1700068969","5","36351.61565468"
"SOL","1700068768","1700068770","2","61.2484525"
"ETH","1700068978","1700068984","6","2005.48"
"ETH","1700069016","1700069023","7","2007.16048"
"SOL","1700069130","1700069148","18","61.056449106"
"ETH","1700068640","1700068644","4","2009.12369215"
"ETH","1700068494","1700068498","4","2008.8725"
"SOL","1700068738","1700068742","4","61.292526"
"BTC","1700068808","1700068812","4","36388.3065674"
"ETH","1700069119","1700069123","4","2007.6626275"
"BTC","1700068944","1700068948","4","36333.0075"
"BTC","1700068929","1700068932","3","36335.682561345"
"ETH","1700069100","1700069105","5","2006.582832155"
"ETH","1700069059","1700069084","25","2007.75479531"
"ETH","1700068626","1700068631","5","2009.12159102"
"BTC","1700068895","1700068901","6","36325.620990478"
"SOL","1700068971","1700068972","1","61.06406404"
"ETH","1700068829","1700068831","2","2007.714698155"
"ETH","1700068747","1700068753","6","2007.27917184"
"BTC","1700068945","1700068948","3","36336.910129058"
"SOL","1700069161","1700069169","8","61.233508"
"BTC","1700068646","1700068649","3","36419.651551675"
"BTC","1700068870","1700068872","2","36364.294809855"
"BTC","1700068403","1700068404","1","36385.5275024"
"ETH","1700068954","1700068958","4","2005.667170023"
"SOL","1700068980","1700068984","4","61.04580651"
"ETH","1700068622","1700068629","7","2008.863213417"
"SOL","1700069137","1700069139","2","61.06179238"
"SOL","1700069013","1700069019","6","61.059578866"
"ETH","1700068617","1700068623","6","2009.8875"
"BTC","1700069033","1700069082","49","36389.651866666"
"ETH","1700068716","1700068719","3","2008.23936602"
"ETH","1700068697","1700068698","1","2009.6325"
"BTC","1700069039","1700069045","6","36390.410833333"
"SOL","1700069144","1700069148","4","61.11225901"
"SOL","1700068600","1700068601","1","61.19552243"
"BTC","1700068843","1700068844","1","36413.408184275"
"ETH","1700068853","1700068861","8","2007.86701525"
"BTC","1700068600","1700068601","1","36388.72451146"
"BTC","1700068832","1700068838","6","36411.468358705"
"BTC","1700068990","1700068996","6","36357.320694444"
"ETH","1700068432","1700068435","3","2009.10683514"
"BTC","1700068415","1700068418","3","36381.63791521"
"BTC","1700068625","1700068629","4","36414.233636195"
"BTC","1700068651","1700068656","5","36415.897164353"
"ETH","1700068852","1700068861","9","2008.22337405"
"BTC","1700069084","1700069091","7","36357.28375"
"SOL","1700068872","1700068878","6","61.102724315"
"BTC","1700068971","1700068973","2","36346.390433085"
"BTC","1700069076","1700069077","1","36352.9725"
"BTC","1700069112","1700069114","2","36373.512857142"
"BTC","1700068511","1700068518","7","36392.188333333"
"BTC","1700068694","1700068695","1","36433.334361288"
"ETH","1700068874","1700068878","4","2006.076573015"
"BTC","1700068935","1700068937","2","36334.125"
"BTC","1700068920","1700068926","6","36326.938938692"
"SOL","1700068878","1700068880","2","61.09938953"
"SOL","1700068695","1700068698","3","61.3950834"
"SOL","1700068849","1700068849","0","61.229057565"
"ETH","1700068991","1700068996","5","2005.79680431"
"BTC","1700068537","1700068538","1","36391.56780117"
"BTC","1700068882","1700068887","5","36343.404588669"
"BTC","1700068765","1700068768","3","36388.111183485"
"BTC","1700068832","1700068834","2","36411.468358705"
"ETH","1700068852","1700068861","9","2008.22337405"
"BTC","1700068978","1700068984","6","36346.439125405"
"ETH","1700068632","1700068636","4","2009.01875"
"BTC","1700068672","1700068680","8","36420.891211245"
"ETH","1700069142","1700069150","8","2008.16199297"
"SOL","1700068658","1700068663","5","61.29752583"
"ETH","1700068972","1700068973","1","2005.33431586"
"BTC","1700068610","1700068612","2","36406.188837188"
"BTC","1700068701","1700068706","5","36428.64075742"
"BTC","1700069127","1700069130","3","36383.950533545"
"BTC","1700068793","1700068794","1","36393.53"
"SOL","1700068693","1700068694","1","61.375936535"
"SOL","1700069081","1700069084","3","60.98072354"
"SOL","1700068846","1700068849","3","61.25077693"
"BTC","1700068975","1700068977","2","36345.652933085"
"ETH","1700068676","1700068679","3","2008.951957535"
"SOL","1700068977","1700068983","6","61.05007297"
"SOL","1700069081","1700069085","4","60.98072354"
"SOL","1700068773","1700068778","5","61.18818408"
"SOL","1700068838","1700068844","6","61.25627039"
"SOL","1700069013","1700069019","6","61.059578866"
"SOL","1700069062","1700069065","3","61.04509647"
"BTC","1700068839","1700068844","5","36415.52224822"
"SOL","1700068694","1700068695","1","61.37481423"
"ETH","1700068945","1700068952","7","2006.20041554"
"BTC","1700068980","1700068982","2","36348.010849751"
"ETH","1700068978","1700068982","4","2005.48"
"ETH","1700068862","1700068863","1","2007.745160853"
"ETH","1700069156","1700069157","1","2008.871791"
"ETH","1700068765","1700068768","3","2005.514687768"
"ETH","1700068652","1700068655","3","2008.795613535"
"ETH","1700068669","1700068679","10","2009.066737493"
"ETH","1700068694","1700068695","1","2009.44886445"
"SOL","1700068928","1700068932","4","61.0960672"
"SOL","1700068611","1700068613","2","61.2857932"
"BTC","1700069057","1700069064","7","36387.892171589"
"ETH","1700068918","1700068920","2","2005.455"
"ETH","1700068753","1700068758","5","2006.28"
"BTC","1700069003","1700069008","5","36365.553648485"
"SOL","1700068631","1700068633","2","61.40985361"
"SOL","1700068685","1700068686","1","61.30121769"
"ETH","1700068687","1700068689","2","2009.150504071"
"BTC","1700068919","1700068920","1","36326.8"
"BTC","1700068969","1700068972","3","36345.333314345"
"SOL","1700069017","1700069023","6","61.104892175"
"ETH","1700068918","1700068920","2","2005.455"
"ETH","1700068600","1700068601","1","2008.72566943"
"SOL","1700068701","1700068706","5","61.389354838"
"BTC","1700068751","1700068753","2","36398.64875"
"BTC","1700068917","1700068920","3","36326.353"
"SOL","1700068998","1700068999","1","61.007791185"
"ETH","1700068819","1700068826","7","2007.34"
"SOL","1700068431","1700068435","4","61.308655118"
"BTC","1700068996","1700068997","1","36361.656666666"
"ETH","1700068897","1700068901","4","2005.52709874"
"ETH","1700068697","1700068698","1","2009.6325"
"BTC","1700069092","1700069096","4","36362.623853215"
"SOL","1700069051","1700069084","33","61.0961775"
"ETH","1700069068","1700069072","4","2006.11242835"
"BTC","1700068743","1700068746","3","36417.241921705"
"ETH","1700068791","1700068794","3","2006.20435664"
"SOL","1700068932","1700068935","3","61.088988635"
"BTC","1700069121","1700069123","2","36380.84606804"
"SOL","1700068473","1700068476","3","61.20680894"
"SOL","1700068622","1700068625","3","61.347247488"
"SOL","1700068873","1700068879","6","61.10376675"
"BTC","1700068901","1700068902","1","36323.415914975"
"SOL","1700069044","1700069047","3","61.0635209"
"ETH","1700068864","1700068869","5","2007.7925"
"BTC","1700068679","1700068683","4","36420.113998765"
"ETH","1700068720","1700068722","2","2008.2883808"
"SOL","1700068632","1700068634","2","61.40240964"
"BTC","1700068747","1700068753","6","36406.800092719"
"BTC","1700068886","1700068893","7","36337.999257458"
"BTC","1700068923","1700068927","4","36329.83375"
"BTC","1700068928","1700068932","4","36327"
"BTC","1700068815","1700068817","2","36402.454436955"
"ETH","1700068839","1700068844","5","2008.249647195"
"ETH","1700068989","1700068995","6","2005.82"
"BTC","1700068624","1700068629","5","36413.62193758"
"BTC","1700068843","1700068844","1","36413.408184275"
"SOL","1700068908","1700068911","3","61.07139296"
"ETH","1700068869","1700068872","3","2006.720391915"
"SOL","1700069023","1700069083","60","61.071883235"