market,openTimestamp,closeTimestamp,latency,price
"BTC","1700063085","1700063093","8","36268.755625"
"ETH","1700063106","1700063112","6","2015.15750429"
"SOL","1700063239","1700063240","1","62.7091387"
"ETH","1700063922","1700063926","4","2020.67123825"
"SOL","1700064004","1700064008","4","62.452400355"
"BTC","1700063064","1700063067","3","36277.731785714"
"SOL","1700063503","1700063509","6","62.634999866"
"ETH","1700063342","1700063344","2","2017.18655681"
"SOL","1700063611","1700063614","3","62.18571187"
"ETH","1700064189","1700064194","5","2024.76037017"
"ETH","1700063853","1700063855","2","2020.174633055"
"BTC","1700063900","1700063901","1","36379.943499995"
"BTC","1700063297","1700063301","4","36325.35125"
"ETH","1700062878","1700062879","1","2015.372349675"
"SOL","1700062930","1700062935","5","62.843563975"
"ETH","1700063744","1700063753","9","2019.74625"
"SOL","1700062744","1700062745","1","62.936896641"
"BTC","1700063745","1700063746","1","36373.685452525"
"BTC","1700063068","1700063070","2","36273.84"
"BTC","1700062861","1700062866","5","36284.847325205"
"ETH","1700063198","1700063201","3","2016.28749999"
"ETH","1700064085","1700064087","2","2020.601"
"BTC","1700064182","1700064183","1","36531.832666661"
"SOL","1700062907","1700062909","2","62.74082851"
"BTC","1700063704","1700063706","2","36339.242436785"
"ETH","1700063399","1700063403","4","2018.73470608"
"SOL","1700063428","1700063429","1","62.66577355"
"BTC","1700062790","1700062793","3","36285.129209971"
"SOL","1700063443","1700063444","1","62.62342232"
"SOL","1700063388","1700063389","1","62.59613011"
"BTC","1700063477","1700063480","3","36348.20438638"
"BTC","1700063048","1700063051","3","36270.005"
"SOL","1700063589","1700063591","2","62.33300897"
"BTC","1700063209","1700063210","1","36308.9125"
"ETH","1700063660","1700063665","5","2016.604005935"
"SOL","1700063849","1700063851","2","62.4173"
"SOL","1700063885","1700063889","4","62.38566944"
"SOL","1700063416","1700063418","2","62.72125"
"ETH","1700062958","1700062963","5","2016.3775"
"ETH","1700063781","1700063785","4","2019.8625"
"BTC","1700063323","1700063325","2","36321.475331242"
"SOL","1700063753","1700063757","4","62.3631725"
"ETH","1700063157","1700063160","3","2015.9"
"ETH","1700063750","1700063753","3","2019.84420631"
"BTC","1700063634","1700063635","1","36314.914230769"
"ETH","1700063150","1700063153","3","2015.84107179"
"SOL","1700062761","1700062762","1","62.90730167"
"BTC","1700062883","1700062887","4","36293.395764195"
"BTC","1700063894","1700063895","1","36375.0575"
"BTC","1700064016","1700064021","5","36403.07"
"BTC","1700064184","1700064185","1","36541.02611"
"SOL","1700063103","1700063107","4","62.6809701"
"BTC","1700063609","1700063614","5","36307.06547612"
"BTC","1700063236","1700063238","2","36308.77733526"
"ETH","1700064211","1700064215","4","2024.651767045"
"SOL","1700063181","1700063183","2","62.7306607"
"BTC","1700063851","1700063855","4","36379.09550035"
"ETH","1700064089","1700064097","8","2020.43553"
"SOL","1700064192","1700064198","6","63.071460147"
"ETH","1700063369","1700063373","4","2017.213901965"
"ETH","1700062975","1700062977","2","2016.44625"
"ETH","1700063130","1700063134","4","2015.269999995"
"ETH","1700062915","1700062921","6","2015.477815"
"BTC","1700062615","1700062616","1","36233.991262815"
"BTC","1700062865","1700062869","4","36286.885"
"SOL","1700062767","1700062773","6","62.91"
"SOL","1700064104","1700064105","1","62.61183641"
"BTC","1700063063","1700063064","1","36275"
"BTC","1700063002","1700063004","2","36292.236103733"
"BTC","1700064182","1700064183","1","36531.832666661"
"BTC","1700063731","1700063734","3","36359.4595186"
"SOL","1700064216","1700064219","3","63.05478236"
"SOL","1700062994","1700062996","2","62.69971472"
"BTC","1700063056","1700063062","6","36271.687853105"
"BTC","1700063325","1700063329","4","36321.295"
"SOL","1700063398","1700063399","1","62.63279244"
"BTC","1700062615","1700062616","1","36233.991262815"
"ETH","1700063085","1700063090","5","2014.57105296"
"SOL","1700063102","1700063106","4","62.68450679"
"BTC","1700063483","1700063485","2","36344.35060999"
"BTC","1700063581","1700063582","1","36315.3157215"
"SOL","1700063333","1700063342","9","62.593189135"
"SOL","1700063947","1700063950","3","62.49428043"
"SOL","1700064208","1700064210","2","63.222376645"
"BTC","1700063960","1700063962","2","36399.131369075"
"BTC","1700063048","1700063051","3","36270.005"
"SOL","1700062866","1700062869","3","62.715059245"
"ETH","1700063476","1700063480","4","2019.060805435"
"ETH","1700063563","1700063566","3","2017.540413338"
"SOL","1700062848","1700062851","3","62.81768725"
"ETH","1700063393","1700063395","2","2018.236861133"
"ETH","1700063496","1700063499","3","2019.40607679"
"ETH","1700062970","1700062975","5","2016.4355667"
"ETH","1700063114","1700063117","3","2015.25533304"
"SOL","1700063305","1700063306","1","62.618499142"
"SOL","1700064194","1700064198","4","63.13551468"
"SOL","1700063379","1700063383","4","62.6219125"
"SOL","1700063707","1700063710","3","62.3025"
"SOL","1700062790","1700062794","4","62.928480315"
"ETH","1700063577","1700063578","1","2017.20027565"
"BTC","1700064092","1700064097","5","36435.43432742"
"ETH","1700063412","1700063413","1","2019.52138261"
"BTC","1700064140","1700064142","2","36444.967"
"SOL","1700064139","1700064140","1","62.758333333"
"ETH","1700063857","1700063859","2","2020.10002673"
"ETH","1700062979","1700062982","3","2016.45470136"
"SOL","1700063318","1700063323","5","62.625"
"ETH","1700064132","1700064135","3","2020.71162923"
"BTC","1700063915","1700063916","1","36387.04"
"ETH","1700062789","1700062790","1","2015.06551"
"ETH","1700064146","1700064147","1","2020.85375"
"BTC","1700063067","1700063072","5","36276.429"
"SOL","1700064211","1700064215","4","63.183163125"
"SOL","1700063559","1700063563","4","62.401286425"
"BTC","1700064047","1700064051","4","36404.103837209"
"BTC","1700062881","1700062882","1","36294.453298078"
"ETH","1700064035","1700064039","4","2020.34785171"
"SOL","1700063627","1700063634","7","62.202063525"
"SOL","1700063005","1700063009","4","62.68774088"
"SOL","1700063734","1700063738","4","62.329272515"
"BTC","1700063797","1700063800","3","36376.13125"
"ETH","1700062773","1700062774","1","2014.61957221"
"SOL","1700063341","1700063344","3","62.61095325"
"SOL","1700063235","1700063238","3","62.664125"
"SOL","1700063650","1700063658","8","62.223774645"
"SOL","1700063420","1700063423","3","62.7075"
"ETH","1700063441","1700063442","1","2019.769205238"
"ETH","1700063560","1700063563","3","2017.63775446"
"ETH","1700063502","1700063507","5","2019.40846709"
"SOL","1700064106","1700064111","5","62.61572199"
"BTC","1700064182","1700064183","1","36531.832666661"
"SOL","1700063542","1700063545","3","62.475"
"BTC","1700062832","1700062834","2","36273.802799995"
"BTC","1700062927","1700062928","1","36300.420384615"
"SOL","1700063878","1700063881","3","62.3643525"
"ETH","1700062883","1700062887","4","2015.5"
"SOL","1700063147","1700063150","3","62.665"
"SOL","1700064205","1700064206","1","63.189240215"
"BTC","1700063333","1700063343","10","36323.60878603"
"ETH","1700063573","1700063576","3","2017.139220225"
"ETH","1700062965","1700062967","2","2016.47853613"
"SOL","1700063739","1700063742","3","62.32085812"
"SOL","1700063812","1700063813","1","62.40964296"
"ETH","1700062907","1700062908","1","2015.30755315"
"BTC","1700062753","1700062755","2","36267.265"
"ETH","1700062813","1700062814","1","2015.3125"
"BTC","1700063770","1700063774","4","36377.876257765"
"SOL","1700063990","1700063994","4","62.39418946"
"SOL","1700063980","1700063985","5","62.42632834"
"ETH","1700064222","1700064228","6","2023.07561802"
"BTC","1700063909","1700063913","4","36377.430461385"
"SOL","1700063920","1700063921","1","62.43762362"
"BTC","1700063110","1700063114","4","36278.44125"
"ETH","1700064065","1700064069","4","2021.240707335"
"SOL","1700063429","1700063435","6","62.64997787"
"SOL","1700063582","1700063586","4","62.32835724"
"BTC","1700063306","1700063308","2","36326.402069945"
"SOL","1700062842","1700062844","2","62.802194819"
"ETH","1700063757","1700063761","4","2019.837177611"
"ETH","1700063575","1700063579","4","2017.076687585"
"BTC","1700063739","1700063742","3","36360.872727272"
"ETH","1700063296","1700063302","6","2016.90375"
"ETH","1700063007","1700063009","2","2015.4015"
"ETH","1700063701","1700063705","4","2017.685"
"BTC","1700063952","1700063953","1","36398.34614385"
"BTC","1700063957","1700063962","5","36391.5979776"
"ETH","1700063807","1700063810","3","2020.29012215"
"SOL","1700062818","1700062820","2","62.90204161"
"ETH","1700063377","1700063378","1","2017.728625111"
"ETH","1700062744","1700062745","1","2014.714596585"
"BTC","1700063534","1700063537","3","36318.19410302"
"ETH","1700062789","1700062790","1","2015.06551"
"ETH","1700063794","1700063797","3","2019.880856215"
"BTC","1700063039","1700063041","2","36267.009917445"
"ETH","1700063851","1700063855","4","2020.26999999"
"BTC","1700064060","1700064066","6","36430.800277777"
"ETH","1700064220","1700064221","1","2023.38398794"
"ETH","1700063369","1700063373","4","2017.213901965"
"ETH","1700063012","1700063017","5","2015.084999995"
"BTC","1700063235","1700063238","3","36308.6"
"ETH","1700063331","1700063336","5","2016.88451348"
"BTC","1700062739","1700062742","3","36270.42876899"
"ETH","1700063969","1700063970","1","2021.107156965"
"SOL","1700064089","1700064092","3","62.53155221"
"SOL","1700064201","1700064202","1","63.18415497"
"SOL","1700062792","1700062795","3","62.936666666"
"ETH","1700064009","1700064010","1","2021.63337982"
"ETH","1700064203","1700064204","1","2025.120899018"
"SOL","1700064216","1700064219","3","63.05478236"
"BTC","1700063866","1700063872","6","36373.62196859"
"ETH","1700062951","1700062952","1","2016.245612426"
"ETH","1700064025","1700064027","2","2020.756947855"
"SOL","1700063448","1700063451","3","62.6258827"
"SOL","1700062975","1700062979","4","62.740147222"
"SOL","1700063965","1700063966","1","62.42704006"
"BTC","1700063022","1700063024","2","36268.3295025"
"BTC","1700062812","1700062813","1","36287.85512766"
"ETH","1700062869","1700062871","2","2015.38156745"
"SOL","1700063101","1700063104","3","62.6797035"
"BTC","1700063292","1700063296","4","36324"
"ETH","1700064164","1700064166","2","2022.06672968"
"SOL","1700063455","1700063459","4","62.634655506"
"ETH","1700063835","1700063836","1","2020.85309786"
"BTC","1700063604","1700063611","7","36310.661225255"
"ETH","1700063168","1700063170","2","2015.7688775"
"BTC","1700062840","1700062844","4","36273.3225"
"ETH","1700063557","1700063560","3","2017.728550415"
"BTC","1700063361","1700063366","5","36346.655255"
"BTC","1700063967","1700063971","4","36401.885"
"SOL","1700063588","1700063591","3","62.34"
"SOL","1700064189","1700064194","5","62.99949881"
"ETH","1700063694","1700063700","6","2017.62"
"BTC","1700063022","1700063028","6","36268.3295025"
"ETH","1700062921","1700062923","2","2015.425"
"SOL","1700062843","1700062847","4","62.80321933"
"BTC","1700062948","1700062950","2","36304.647822754"
"SOL","1700063663","1700063668","5","62.219124465"
"BTC","1700062737","1700062739","2","36268.110647805"
"BTC","1700063797","1700063800","3","36376.13125"
"ETH","1700062861","1700062863","2","2015.201955965"
"SOL","1700063605","1700063611","6","62.260232755"
"ETH","1700062858","1700062862","4","2015.165"
"BTC","1700063754","1700063757","3","36364.04035921"
"ETH","1700063942","1700063943","1","2020.90766189"
"SOL","1700064214","1700064216","2","63.067883125"
"SOL","1700062805","1700062806","1","62.947415715"
"SOL","1700062825","1700062827","2","62.91097619"
"BTC","1700063122","1700063122","0","36283.379166666"
"SOL","1700063249","1700063250","1","62.687325665"
"SOL","1700063033","1700063036","3","62.60442249"
"ETH","1700063382","1700063387","5","2017.402297663"
"ETH","1700062948","1700062950","2","2016.150416666"
"BTC","1700063627","1700063632","5","36297.61844394"
"ETH","1700063787","1700063791","4","2019.735"
"SOL","1700063023","1700063024","1","62.59755891"
"SOL","1700062852","1700062853","1","62.79793593"
"ETH","1700063324","1700063325","1","2016.83902686"
"ETH","1700063395","1700063397","2","2018.451849075"
"ETH","1700063863","1700063867","4","2019.92972793"
"SOL","1700063871","1700063872","1","62.380435"
"BTC","1700062620","1700062621","1","36243.255021785"
"ETH","1700063088","1700063097","9","2014.519821428"
"ETH","1700063875","1700063876","1","2019.98421681"
"SOL","1700064221","1700064224","3","62.99527542"
"ETH","1700062801","1700062805","4","2015.3535"
"SOL","1700063529","1700063530","1","62.50930641"
"ETH","1700062844","1700062847","3","2014.85"
"ETH","1700062745","1700062746","1","2014.688610645"
"SOL","1700063338","1700063344","6","62.62253198"
"SOL","1700063479","1700063483","4","62.699694444"
"ETH","1700063733","1700063741","8","2018.9936564"
"SOL","1700063220","1700063222","2","62.62725962"
"ETH","1700063817","1700063818","1","2020.233766515"
"BTC","1700063439","1700063440","1","36358.190966835"
"ETH","1700062784","1700062789","5","2014.73109645"
"SOL","1700063975","1700063979","4","62.42733769"
"ETH","1700064156","1700064157","1","2021.525873493"
"ETH","1700063520","1700063521","1","2017.88325032"
"BTC","1700063672","1700063673","1","36314.02400525"
"ETH","1700062802","1700062804","2","2015.42373972"
"BTC","1700063528","1700063530","2","36321.200621017"
"ETH","1700062767","1700062773","6","2014.89230527"
"ETH","1700062796","1700062797","1","2015.274886295"
"BTC","1700063975","1700063979","4","36401.97118428"
"SOL","1700063211","1700063216","5","62.60408828"
"ETH","1700064187","1700064189","2","2024.515319175"
"BTC","1700063949","1700063951","2","36396.733390875"
"ETH","1700063178","1700063181","3","2016.288749995"
"SOL","1700063193","1700063195","2","62.680001405"
"BTC","1700063045","1700063049","4","36269.085"
"ETH","1700063159","1700063163","4","2015.80703253"
"SOL","1700063243","1700063245","2","62.68096649"
"ETH","1700063454","1700063455","1","2019.38040307"
"BTC","1700063671","1700063674","3","36301.4768363"
"BTC","1700063183","1700063186","3","36309.52858906"
"BTC","1700062893","1700062898","5","36284.058251"
"BTC","1700063413","1700063418","5","36378.2425"
"BTC","1700063843","1700063846","3","36371.21786852"
"ETH","1700063897","1700063898","1","2020.28843334"
"SOL","1700064213","1700064214","1","63.118847439"
"ETH","1700062739","1700062742","3","2014.5975"
"ETH","1700064077","1700064080","3","2020.704845535"
"BTC","1700063904","1700063905","1","36371.58535453"
"BTC","1700063014","1700063017","3","36274.8775"
"ETH","1700062800","1700062805","5","2015.40458004"
"ETH","1700064182","1700064183","1","2023.7"
"ETH","1700063840","1700063841","1","2020.01"
"BTC","1700063283","1700063285","2","36323.934246195"
"BTC","1700064106","1700064111","5","36430.801057395"
"ETH","1700063801","1700063802","1","2020.18437039"
"ETH","1700063350","1700063350","0","2016.99153791"
"SOL","1700064010","1700064014","4","62.475153111"
"SOL","1700062834","1700062837","3","62.862777777"
"BTC","1700063003","1700063008","5","36290.669303537"
"ETH","1700062748","1700062749","1","2014.655"
"ETH","1700063120","1700063122","2","2015.335"
"SOL","1700063156","1700063158","2","62.660585"
"BTC","1700063615","1700063618","3","36302.6875"
"SOL","1700063998","1700063999","1","62.42422754"
"BTC","1700063215","1700063219","4","36306.8718386"
"BTC","1700062968","1700062970","2","36301.36875"
"SOL","1700062781","1700062785","4","62.91059965"
"BTC","1700062981","1700062984","3","36300.689838415"
"BTC","1700064084","1700064087","3","36428.08284346"
"SOL","1700063956","1700063962","6","62.49"
"SOL","1700063936","1700063938","2","62.46593"
"ETH","1700064211","1700064216","5","2024.651767045"
"ETH","1700062789","1700062793","4","2015.06551"
"BTC","1700064065","1700064067","2","36440.45875"
"BTC","1700062948","1700062952","4","36304.647822754"
"BTC","1700063994","1700063995","1","36405.91910719"
"SOL","1700063010","1700063012","2","62.65714447"
"ETH","1700063044","1700063050","6","2014.3319898"
"SOL","1700064022","1700064025","3","62.42199679"
"SOL","1700064154","1700064157","3","62.793645185"
"SOL","1700063212","1700063216","4","62.607747735"
"ETH","1700062742","1700062743","1","2014.623"
"SOL","1700063153","1700063154","1","62.6619348"
"BTC","1700063475","1700063479","4","36343.675"
"BTC","1700063214","1700063216","2","36311.086037065"
"ETH","1700063396","1700063397","1","2018.569276895"
"ETH","1700063876","1700063877","1","2020.002108405"
"SOL","1700064142","1700064146","4","62.76969268"
"SOL","1700064225","1700064249","24","62.931443225"
"ETH","1700064076","1700064078","2","2020.96421691"
"SOL","1700062908","1700062909","1","62.73640732"
"ETH","1700064069","1700064073","4","2021.2425"
"SOL","1700063059","1700063062","3","62.675724735"
"BTC","1700063235","1700063238","3","36308.6"
"SOL","1700063461","1700063469","8","62.691558605"
"SOL","1700062970","1700062975","5","62.76639011"
"ETH","1700063489","1700063490","1","2018.97664265"
"ETH","1700063494","1700063496","2","2019.14216406"
"BTC","1700064182","1700064183","1","36531.832666661"
"ETH","1700063024","1700063028","4","2014.398749995"
"SOL","1700062871","1700062874","3","62.721375"
"BTC","1700063024","1700063030","6","36268.264579039"
"ETH","1700063175","1700063176","1","2016.04137293"
"ETH","1700063738","1700063742","4","2019.19914943"
"BTC","1700063828","1700063831","3","36400.323330564"
"SOL","1700063310","1700063312","2","62.603517705"
"BTC","1700063923","1700063926","3","36378.25066738"
"ETH","1700063413","1700063418","5","2019.659266785"
"BTC","1700063848","1700063852","4","36386.897004056"
"ETH","1700064181","1700064183","2","2023.725"
"SOL","1700064161","1700064165","4","62.81300692"
"ETH","1700062753","1700062755","2","2014.73754887"
"BTC","1700063563","1700063565","2","36318.69543152"
"ETH","1700064185","1700064189","4","2024.311762539"
"SOL","1700062920","1700062922","2","62.765125"
"BTC","1700062916","1700062917","1","36297.13138489"
"SOL","1700063065","1700063067","2","62.67629396"
"ETH","1700062889","1700062891","2","2014.83"
"SOL","1700063054","1700063056","2","62.67795564"
"SOL","1700064165","1700064166","1","62.84084565"
"SOL","1700064045","1700064046","1","62.39652053"
"ETH","1700062897","1700062905","8","2015.18739983"
"ETH","1700063560","1700063563","3","2017.63775446"
"SOL","1700063681","1700063684","3","62.26"
"BTC","1700064028","1700064030","2","36396.528571428"
"ETH","1700064164","1700064166","2","2022.06672968"
"ETH","1700063688","1700063694","6","2017.555"
"BTC","1700063926","1700063930","4","36381.93481296"
"BTC","1700064003","1700064004","1","36418.074220175"
"BTC","1700064141","1700064142","1","36444.651298085"
"BTC","1700063055","1700063056","1","36271.45"
"ETH","1700062761","1700062768","7","2014.8925"
"ETH","1700062743","1700062746","3","2014.70707442"
"ETH","1700063374","1700063378","4","2017.64998147"
"BTC","1700063513","1700063517","4","36329.474583333"
"BTC","1700062817","1700062820","3","36286.976377475"
"ETH","1700063128","1700063130","2","2015.32222065"
"BTC","1700062984","1700062986","2","36300.264676835"
"BTC","1700063770","1700063774","4","36377.876257765"
"SOL","1700062951","1700062953","2","62.832185"
"BTC","1700063887","1700063889","2","36372.17986574"
"BTC","1700063937","1700063939","2","36396.645853495"
"ETH","1700063808","1700063814","6","2020.295"
"ETH","1700064187","1700064189","2","2024.515319175"
"ETH","1700063054","1700063056","2","2014.70536307"
"BTC","1700064055","1700064058","3","36418.06473001"
"SOL","1700063636","1700063639","3","62.269439995"
"BTC","1700063267","1700063273","6","36322"
"BTC","1700063560","1700063563","3","36317.425119795"
"BTC","1700062748","1700062749","1","36269.60265106"
"BTC","1700063353","1700063356","3","36347.465177873"
"ETH","1700063088","1700063091","3","2014.519821428"
"ETH","1700063011","1700063015","4","2015.40571846"
"ETH","1700063955","1700063962","7","2021.0947888"
"BTC","1700062620","1700062621","1","36243.255021785"
"BTC","1700062777","1700062780","3","36271.21670903"
"BTC","1700063602","1700063611","9","36312.285625"
"SOL","1700063134","1700063138","4","62.67502442"
"BTC","1700063612","1700063615","3","36302.87265625"
"SOL","1700063888","1700063890","2","62.3842"
"SOL","1700064006","1700064007","1","62.45"
"ETH","1700063222","1700063224","2","2016.23875"
"BTC","1700063960","1700063963","3","36399.131369075"
"BTC","1700063722","1700063726","4","36355.395531734"
"ETH","1700063832","1700063833","1","2020.765"
"ETH","1700063764","1700063766","2","2019.65"
"BTC","1700063725","1700063729","4","36359.242018015"
"ETH","1700064148","1700064151","3","2020.759166666"
"SOL","1700063205","1700063207","2","62.6007675"
"ETH","1700064184","1700064187","3","2023.97165482"
"SOL","1700063398","1700063399","1","62.63279244"
"SOL","1700063342","1700063344","2","62.615"
"ETH","1700063545","1700063546","1","2018.28499999"
"ETH","1700063999","1700064005","6","2021.778446035"
"SOL","1700063004","1700063006","2","62.6825"
"SOL","1700062846","1700062847","1","62.796790766"
"BTC","1700063779","1700063780","1","36376.519448272"
"BTC","1700063978","1700063980","2","36401.73195575"
"ETH","1700062780","1700062785","5","2014.67360729"
"ETH","1700062978","1700062981","3","2016.40875"
"SOL","1700064022","1700064024","2","62.42199679"
"ETH","1700063350","1700063350","0","2016.99153791"
"ETH","1700064198","1700064200","2","2024.694166666"
"BTC","1700063479","1700063483","4","36346.67922405"
"SOL","1700062963","1700062964","1","62.785"
"BTC","1700063120","1700063121","1","36284.336875"
"SOL","1700063549","1700063550","1","62.45"
"BTC","1700062812","1700062813","1","36287.7553817"
"BTC","1700063223","1700063227","4","36311.167360465"
"BTC","1700062908","1700062909","1","36293.14333101"
"SOL","1700063305","1700063306","1","62.618499142"
"ETH","1700062904","1700062909","5","2015.30755315"
"ETH","1700063616","1700063618","2","2016.64996586"
"SOL","1700064011","1700064018","7","62.47315"
"ETH","1700064122","1700064123","1","2020.65882097"
"SOL","1700062806","1700062811","5","62.925"
"BTC","1700064221","1700064225","4","36527.258600733"
"BTC","1700063479","1700063483","4","36346.67922405"
"ETH","1700064037","1700064039","2","2020.58083724"
"BTC","1700063320","1700063323","3","36320.233888888"
"SOL","1700063202","1700063206","4","62.60349762"
"BTC","1700063082","1700063085","3","36271.5786"
"ETH","1700063730","1700063734","4","2018.931525165"
"ETH","1700063177","1700063181","4","2016.182574995"
"SOL","1700063346","1700063349","3","62.606281"
"ETH","1700062962","1700062967","5","2016.359230985"
"BTC","1700063873","1700063877","4","36368"
"ETH","1700063584","1700063586","2","2017.445"
"SOL","1700062754","1700062755","1","62.91680952"
"BTC","1700063410","1700063413","3","36379.999341328"
"ETH","1700063623","1700063628","5","2016.7536854"
"ETH","1700063493","1700063496","3","2019.1101842"
"ETH","1700063113","1700063117","4","2015.245"
"SOL","1700063258","1700063262","4","62.67662098"
"BTC","1700063224","1700063225","1","36307.69001214"
"BTC","1700063273","1700063277","4","36323.30539158"
"BTC","1700064197","1700064199","2","36556.410663875"
"ETH","1700063899","1700063900","1","2020.462499995"
"BTC","1700063272","1700063277","5","36320.6"
"BTC","1700063716","1700063718","2","36347.579997385"
"SOL","1700063534","1700063537","3","62.48427"
"ETH","1700062870","1700062874","4","2015.46776539"
"SOL","1700063209","1700063215","6","62.60307386"
"SOL","1700063027","1700063028","1","62.59835714"
"ETH","1700062863","1700062865","2","2015.23"
"ETH","1700063328","1700063331","3","2016.89167147"
"ETH","1700063534","1700063537","3","2017.89"
"SOL","1700063589","1700063590","1","62.33441757"
"SOL","1700063692","1700063695","3","62.29280803"
"ETH","1700062847","1700062851","4","2014.858700233"
"ETH","1700063759","1700063761","2","2019.84991055"
"ETH","1700064033","1700064035","2","2020.369999995"
"BTC","1700062746","1700062747","1","36270.99343083"
"ETH","1700064182","1700064183","1","2023.7"
"SOL","1700064129","1700064132","3","62.716746148"
"BTC","1700062794","1700062796","2","36287.315"
"BTC","1700063105","1700063107","2","36282.202074513"
"ETH","1700062899","1700062902","3","2015.225"
"BTC","1700063112","1700063117","5","36278.38238371"
"SOL","1700063078","1700063079","1","62.65833889"
"SOL","1700063073","1700063076","3","62.66180895"
"ETH","1700063499","1700063503","4","2019.52690918"
"BTC","1700063529","1700063530","1","36319.230344615"
"ETH","1700063979","1700063980","1","2021.113842795"
"BTC","1700062970","1700062972","2","36299.5"
"BTC","1700063386","1700063387","1","36362.8815"
"BTC","1700063323","1700063325","2","36321.475331242"
"SOL","1700064147","1700064151","4","62.766982553"
"BTC","1700064211","1700064215","4","36560.08255329"
"BTC","1700062996","1700063000","4","36296.616082615"
"BTC","1700064025","1700064026","1","36398.70693979"
"ETH","1700063105","1700063112","7","2015.208750485"
"BTC","1700064182","1700064183","1","36531.832666661"
"SOL","1700063415","1700063418","3","62.7293543"
"ETH","1700063065","1700063067","2","2015.03"
"SOL","1700063501","1700063502","1","62.64612448"
"BTC","1700063523","1700063524","1","36323.20795214"
"ETH","1700063907","1700063909","2","2020.335730805"
"BTC","1700064193","1700064200","7","36557.375437772"
"ETH","1700063716","1700063719","3","2018.162168835"
"ETH","1700063524","1700063527","3","2017.948992345"
"SOL","1700063310","1700063313","3","62.603517705"
"ETH","1700063967","1700063971","4","2021.095"
"ETH","1700063905","1700063906","1","2020.31146161"
"ETH","1700063124","1700063128","4","2015.36830541"
"SOL","1700062955","1700062956","1","62.81436269"
"SOL","1700063305","1700063308","3","62.618499142"
"BTC","1700063341","1700063344","3","36344.369278355"
"SOL","1700063386","1700063388","2","62.6060435"
"SOL","1700063061","1700063062","1","62.69227919"
"BTC","1700063855","1700063858","3","36377.070416666"
"BTC","1700063954","1700063955","1","36400.579714633"
"SOL","1700064065","1700064067","2","62.45577659"
"BTC","1700063296","1700063301","5","36326.39514756"
"SOL","1700063187","1700063188","1","62.71831571"
"SOL","1700063170","1700063173","3","62.71369322"
"SOL","1700063315","1700063316","1","62.60855164"
"ETH","1700063604","1700063611","7","2017.01060188"
"SOL","1700063635","1700063639","4","62.25387999"
"ETH","1700063484","1700063487","3","2019.03810279"
"SOL","1700063212","1700063216","4","62.607747735"
"BTC","1700063584","1700063586","2","36314.817728306"
"ETH","1700063178","1700063182","4","2016.288749995"
"BTC","1700062863","1700062866","3","36286.698044818"
"ETH","1700063904","1700063905","1","2020.405"
"SOL","1700063074","1700063078","4","62.655941865"
"BTC","1700064058","1700064065","7","36415.42299252"
"SOL","1700064160","1700064161","1","62.82326649"
"ETH","1700063646","1700063647","1","2017.08952933"
"ETH","1700064188","1700064249","61","2024.825555555"
"ETH","1700062929","1700062935","6","2016.1175"
"ETH","1700063548","1700063554","6","2017.915495413"
"BTC","1700062935","1700062936","1","36308.186136363"
"SOL","1700064056","1700064058","2","62.42515233"
"SOL","1700063870","1700063872","2","62.37994083"
"SOL","1700063949","1700063951","2","62.49169503"
"ETH","1700063225","1700063227","2","2016.36798244"
"SOL","1700063093","1700063097","4","62.64876355"
"SOL","1700063349","1700063350","1","62.613372035"
"SOL","1700063786","1700063793","7","62.36595281"
"SOL","1700063610","1700063614","4","62.21164812"
"BTC","1700063134","1700063138","4","36285.78288911"
"SOL","1700063871","1700063872","1","62.380435"
"ETH","1700063282","1700063286","4","2016.797446885"
"BTC","1700064132","1700064135","3","36443.84903776"
"ETH","1700064083","1700064084","1","2020.7"
"SOL","1700064153","1700064157","4","62.78952011"
"ETH","1700062910","1700062913","3","2015.318777405"
"BTC","1700063017","1700063019","2","36272.481166666"
"ETH","1700063918","1700063920","2","2020.795"
"ETH","1700063812","1700063814","2","2020.32705312"
"SOL","1700063008","1700063015","7","62.66739457"
"ETH","1700063890","1700063893","3","2020.069861955"
"BTC","1700062906","1700062908","2","36291.73625"
"SOL","1700062827","1700062829","2","62.899341"
"SOL","1700063436","1700063439","3","62.644930215"
"BTC","1700062840","1700062845","5","36273.3225"
"BTC","1700064214","1700064219","5","36545.774736842"
"SOL","1700062794","1700062795","1","62.927813661"
"BTC","1700064157","1700064159","2","36481.854537037"
"BTC","1700063759","1700063761","2","36365.82"
"BTC","1700062737","1700062739","2","36268.110647805"
"SOL","1700063210","1700063217","7","62.602063575"
"SOL","1700063780","1700063783","3","62.410294435"
"SOL","1700063129","1700063131","2","62.68017572"
"BTC","1700064189","1700064191","2","36546.12897278"
"SOL","1700063070","1700063074","4","62.66266362"
"ETH","1700063375","1700063376","1","2017.61"
"BTC","1700063272","1700063277","5","36320.6"
"BTC","1700062834","1700062837","3","36273.77126503"
"BTC","1700063590","1700063591","1","36310.457687735"
"ETH","1700062758","1700062761","3","2014.908238315"
"BTC","1700063291","1700063296","5","36326.17"
"SOL","1700063743","1700063753","10","62.35"
"SOL","1700064225","1700064249","24","62.931443225"
"BTC","1700062908","1700062909","1","36293.14333101"
"SOL","1700063611","1700063615","4","62.18571187"
"ETH","1700063680","1700063681","1","2017.13125"
"SOL","1700063187","1700063189","2","62.71831571"
"BTC","1700063068","1700063072","4","36273.84"
"ETH","1700064029","1700064030","1","2020.53448971"
"BTC","1700063766","1700063769","3","36375.135427815"
"BTC","1700063492","1700063496","4","36342.218419578"
"BTC","1700063018","1700063021","3","36272.043258274"
"ETH","1700062879","1700062881","2","2015.347857142"
"SOL","1700063883","1700063888","5","62.398990195"
"ETH","1700064187","1700064189","2","2024.515319175"
"ETH","1700064120","1700064122","2","2020.621964686"
"SOL","1700063261","1700063264","3","62.682754934"
"SOL","1700063825","1700063826","1","62.41772997"
"SOL","1700063557","1700063560","3","62.42968"
"BTC","1700063994","1700063995","1","36405.91910719"
"SOL","1700063455","1700063459","4","62.634655506"
"BTC","1700063404","1700063405","1","36376.12576393"
"BTC","1700063251","1700063252","1","36325.584166666"
"SOL","1700062904","1700062909","5","62.749853095"
"ETH","1700063517","1700063518","1","2018.171862645"
"ETH","1700063786","1700063791","5","2019.66659269"
"BTC","1700063190","1700063190","0","36305.81007983"
"BTC","1700063747","1700063753","6","36367.82346694"
"BTC","1700063842","1700063847","5","36371.96944715"
"SOL","1700063244","1700063249","5","62.701150434"
"ETH","1700063914","1700063915","1","2020.834913754"
"BTC","1700063395","1700063396","1","36383.92865106"
"ETH","1700064070","1700064076","6","2021.256735615"
"SOL","1700063641","1700063643","2","62.2658693"
"ETH","1700063443","1700063444","1","2019.674414125"
"ETH","1700063635","1700063639","4","2017.08896393"
"ETH","1700063601","1700063611","10","2017.205"
"SOL","1700063713","1700063717","4","62.298676635"
"SOL","1700063442","1700063443","1","62.622655363"
"SOL","1700062867","1700062869","2","62.720157046"
"ETH","1700063725","1700063729","4","2018.827865375"
"SOL","1700063797","1700063800","3","62.3605978"
"BTC","1700063787","1700063791","4","36376.250171185"
"BTC","1700063819","1700063825","6","36392.800364088"
"BTC","1700062921","1700062923","2","36295.54104275"
"SOL","1700063983","1700063984","1","62.42284315"
"ETH","1700062951","1700062953","2","2016.245612426"
"ETH","1700063282","1700063285","3","2016.797446885"
"BTC","1700064110","1700064112","2","36436.79"
"BTC","1700062947","1700062948","1","36303.986872895"
"BTC","1700063308","1700063308","0","36325.495720615"
"SOL","1700063512","1700063515","3","62.57007134"
"ETH","1700064096","1700064097","1","2020.67435014"
"SOL","1700063696","1700063697","1","62.2999875"
"SOL","1700062987","1700062991","4","62.71097415"
"SOL","1700063470","1700063472","2","62.722923125"
"ETH","1700063313","1700063317","4","2016.78996292"
"SOL","1700063676","1700063677","1","62.22955016"
"ETH","1700063542","1700063543","1","2018.201758935"
"BTC","1700063706","1700063710","4","36336.005"
"SOL","1700063003","1700063005","2","62.7009728"
"BTC","1700063188","1700063190","2","36309.460721733"
"SOL","1700064102","1700064106","4","62.60851156"
"BTC","1700063110","1700063115","5","36278.44125"
"BTC","1700063075","1700063079","4","36274.108333333"
"BTC","1700063255","1700063260","5","36326.438333333"
"ETH","1700062984","1700062986","2","2016.375"
"SOL","1700063805","1700063810","5","62.40663956"
"SOL","1700063202","1700063206","4","62.60349762"
"SOL","1700063761","1700063762","1","62.362928075"
"SOL","1700064157","1700064158","1","62.81897478"
"ETH","1700063659","1700063664","5","2016.66972276"
"ETH","1700063320","1700063323","3","2016.79401888"
"SOL","1700063168","1700063170","2","62.694753625"
"ETH","1700063594","1700063596","2","2017.235"
"ETH","1700063671","1700063673","2","2016.94125"
"ETH","1700063754","1700063757","3","2019.778376595"
"SOL","1700063984","1700063985","1","62.424725175"
"SOL","1700062913","1700062914","1","62.742617971"
"BTC","1700064011","1700064014","3","36410.128665496"
"ETH","1700063948","1700063950","2","2021.057142857"
"ETH","1700063775","1700063778","3","2019.915"
"ETH","1700063369","1700063373","4","2017.213901965"
"ETH","1700064029","1700064030","1","2020.53448971"
"SOL","1700063949","1700063951","2","62.49169503"
"ETH","1700064067","1700064068","1","2021.19007585"
"SOL","1700064141","1700064141","0","62.74766699"
"SOL","1700064207","1700064208","1","63.223644615"
"ETH","1700063255","1700063259","4","2016.62"
"ETH","1700062775","1700062780","5","2014.665321365"
"ETH","1700063130","1700063134","4","2015.269999995"
"ETH","1700062737","1700062739","2","2014.62"
"SOL","1700063461","1700063463","2","62.691558605"
"ETH","1700063807","1700063810","3","2020.29012215"
"SOL","1700062832","1700062834","2","62.876617647"
"ETH","1700062971","1700062975","4","2016.40591021"
"ETH","1700062887","1700062888","1","2014.9325"
"ETH","1700063423","1700063425","2","2019.89378152"
"SOL","1700063775","1700063778","3","62.426139"
"ETH","1700063036","1700063037","1","2014.314131245"
"BTC","1700063377","1700063378","1","36358.37519903"
"ETH","1700063517","1700063519","2","2018.171862645"
"BTC","1700063697","1700063701","4","36335.69875"
"BTC","1700064185","1700064189","4","36542.9804"
"BTC","1700063138","1700063141","3","36290.6325"
"ETH","1700063722","1700063724","2","2018.47875"
"BTC","1700064193","1700064198","5","36557.375437772"
"SOL","1700062816","1700062819","3","62.9237885"
"BTC","1700063927","1700063930","3","36381.775769873"
"BTC","1700063989","1700063993","4","36401.49769444"
"ETH","1700063440","1700063441","1","2019.84"
"ETH","1700063339","1700063344","5","2017.36144459"
"SOL","1700062984","1700062987","3","62.72675"
"ETH","1700063002","1700063005","3","2015.635885"
"SOL","1700063178","1700063181","3","62.744491275"
"SOL","1700063814","1700063816","2","62.411327981"
"SOL","1700063932","1700063936","4","62.42553264"
"BTC","1700062982","1700062986","4","36301.375"
"ETH","1700063825","1700063826","1","2020.430394948"
"ETH","1700063513","1700063517","4","2018.477349738"
"SOL","1700062823","1700062824","1","62.91381523"
"SOL","1700063300","1700063302","2","62.6245"
"BTC","1700062962","1700062964","2","36303.38"
"SOL","1700063815","1700063818","3","62.41"
"SOL","1700064210","1700064215","5","63.200698282"
"BTC","1700063258","1700063262","4","36327.023571428"
"SOL","1700063633","1700063636","3","62.24749844"
"SOL","1700063718","1700063720","2","62.271481725"
"SOL","1700064036","1700064037","1","62.401749995"
"ETH","1700063470","1700063472","2","2019.23267662"
"BTC","1700063375","1700063376","1","36359.892403181"
"ETH","1700063895","1700063898","3","2020.0881236"
"ETH","1700063258","1700063262","4","2016.65538402"
"BTC","1700063825","1700063826","1","36399.17"
"SOL","1700064127","1700064128","1","62.701666666"
"BTC","1700063832","1700063833","1","36397.225"
"BTC","1700063697","1700063701","4","36335.69875"
"SOL","1700063215","1700063221","6","62.61644591"
"ETH","1700063857","1700063858","1","2020.10002673"
"SOL","1700064014","1700064018","4","62.495"
"SOL","1700062796","1700062798","2","62.91102217"
"BTC","1700063909","1700063913","4","36377.430461385"
"BTC","1700063410","1700063412","2","36379.999341328"
"ETH","1700063061","1700063062","1","2014.92774137"
"ETH","1700063374","1700063378","4","2017.64998147"
"ETH","1700063279","1700063283","4","2016.78"
"BTC","1700063146","1700063150","4","36292.098571428"
"SOL","1700063328","1700063330","2","62.61562441"
"SOL","1700062926","1700062928","2","62.76418286"
"ETH","1700063359","1700063364","5","2017.005519155"
"ETH","1700063560","1700063563","3","2017.63775446"
"SOL","1700063005","1700063008","3","62.68774088"
"ETH","1700063119","1700063120","1","2015.35866648"
"SOL","1700063623","1700063627","4","62.173138525"
"BTC","1700063226","1700063227","1","36309.373625163"
"BTC","1700063247","1700063249","2","36321.89"
"ETH","1700063491","1700063495","4","2018.982054265"
"SOL","1700063826","1700063830","4","62.41750075"
"BTC","1700063834","1700063835","1","36393.24647877"
"BTC","1700063914","1700063915","1","36385.392759395"
"ETH","1700064045","1700064046","1","2020.726452685"
"ETH","1700064225","1700064249","24","2022.57375"
"BTC","1700064077","1700064081","4","36425.34625"
"BTC","1700062790","1700062793","3","36285.129209971"
"BTC","1700063043","1700063049","6","36266.574859705"
"BTC","1700062737","1700062739","2","36268.110647805"
"SOL","1700063425","1700063426","1","62.68315872"
"ETH","1700063532","1700063535","3","2017.920714285"
"ETH","1700063313","1700063316","3","2016.78996292"
"SOL","1700063573","1700063575","2","62.3412875"
"SOL","1700062764","1700062767","3","62.935442181"
"BTC","1700063658","1700063659","1","36304.237062437"
"ETH","1700063812","1700063813","1","2020.32705312"
"SOL","1700062895","1700062902","7","62.769749995"
"ETH","1700063973","1700063973","0","2021.129129195"
"BTC","1700064181","1700064182","1","36527.342819158"
"BTC","1700063030","1700063031","1","36270.01"
"SOL","1700062932","1700062936","4","62.85844591"
"BTC","1700063120","1700063122","2","36284.336875"
"SOL","1700063521","1700063524","3","62.52603574"
"ETH","1700062951","1700062952","1","2016.245612426"
"SOL","1700062789","1700062790","1","62.937862768"
"SOL","1700063899","1700063901","2","62.399412065"
"SOL","1700064103","1700064106","3","62.611255"
"BTC","1700062994","1700062995","1","36297.31369036"
"BTC","1700063590","1700063591","1","36310.457687735"
"SOL","1700062756","1700062761","5","62.89950801"
"ETH","1700064042","1700064046","4","2020.872665615"
"ETH","1700063025","1700063030","5","2014.523055555"
"ETH","1700063290","1700063296","6","2016.894896571"
"SOL","1700063378","1700063379","1","62.62925835"
"BTC","1700063471","1700063472","1","36342.99308434"
"BTC","1700063512","1700063515","3","36331.442197795"
"ETH","1700063513","1700063517","4","2018.477349738"
"BTC","1700063321","1700063323","2","36319.725217391"
"BTC","1700063230","1700063232","2","36303.881149506"
"SOL","1700062871","1700062874","3","62.721375"
"ETH","1700064083","1700064084","1","2020.7"
"BTC","1700063146","1700063147","1","36292.098571428"
"SOL","1700064208","1700064212","4","63.222376645"
"SOL","1700063199","1700063201","2","62.64475876"
"SOL","1700064185","1700064189","4","62.959157575"
"SOL","1700062773","1700062774","1","62.91416184"
"SOL","1700063858","1700063859","1","62.378859275"
"ETH","1700062991","1700062993","2","2015.770176505"
"BTC","1700064205","1700064206","1","36566.427060191"
"BTC","1700063754","1700063757","3","36364.04035921"
"SOL","1700062792","1700062794","2","62.936666666"
"SOL","1700063055","1700063056","1","62.677553545"
"SOL","1700064035","1700064037","2","62.3735"
"BTC","1700063493","1700063496","3","36339.42663843"
"BTC","1700064142","1700064147","5","36446.161930355"
"SOL","1700063622","1700063628","6","62.177443245"
"SOL","1700063978","1700063980","2","62.433962045"
"BTC","1700062836","1700062837","1","36274.20820492"
"ETH","1700064086","1700064089","3","2020.535"
"SOL","1700063450","1700063453","3","62.62392838"
"SOL","1700063993","1700063994","1","62.405"
"ETH","1700062808","1700062810","2","2015.3125"
"BTC","1700064227","1700064229","2","36509.194"
"ETH","1700064056","1700064058","2","2020.825"
"SOL","1700062796","1700062797","1","62.91403968"
"SOL","1700064220","1700064221","1","63.0097725"
"BTC","1700063039","1700063040","1","36267.009917445"
"BTC","1700063413","1700063419","6","36378.2425"
"ETH","1700064166","1700064169","3","2022.229702905"
"ETH","1700062744","1700062745","1","2014.714596585"
"ETH","1700063153","1700063158","5","2015.850694805"
"ETH","1700064039","1700064040","1","2020.941426226"
"SOL","1700062811","1700062812","1","62.92"
"BTC","1700063323","1700063325","2","36321.475331242"
"BTC","1700063568","1700063569","1","36314.75"
"ETH","1700063457","1700063459","2","2019.61025174"
"ETH","1700064169","1700064172","3","2022.424774625"
"SOL","1700063579","1700063581","2","62.335999995"
"ETH","1700063438","1700063439","1","2019.93"
"BTC","1700064191","1700064198","7","36550.427206525"
"ETH","1700063213","1700063216","3","2016.227499995"
"ETH","1700063367","1700063368","1","2017.042637315"
"BTC","1700063854","1700063858","4","36371.16482788"
"BTC","1700062775","1700062776","1","36270.72"
"BTC","1700063123","1700063129","6","36284.268461538"
"SOL","1700064017","1700064019","2","62.488875625"
"BTC","1700063974","1700063978","4","36393.8906428"
"BTC","1700063984","1700063985","1","36401.471036606"
"BTC","1700063687","1700063688","1","36330"
"SOL","1700063829","1700063833","4","62.449754685"
"SOL","1700063928","1700063930","2","62.41"
"BTC","1700063230","1700063232","2","36303.881149506"
"SOL","1700062804","1700062806","2","62.93734223"
"SOL","1700063044","1700063046","2","62.679260466"
"BTC","1700062853","1700062856","3","36282.36"
"ETH","1700063396","1700063397","1","2018.569276895"
"SOL","1700064135","1700064139","4","62.68950262"
"ETH","1700063585","1700063586","1","2017.45"
"SOL","1700063660","1700063664","4","62.19802936"
"ETH","1700063117","1700063119","2","2015.3110498"
"BTC","1700063029","1700063030","1","36270.265"
"SOL","1700063962","1700063966","4","62.44909687"
"BTC","1700063163","1700063164","1","36291.791442307"
"SOL","1700063697","1700063701","4","62.306084595"
"SOL","1700063703","1700063708","5","62.26670282"
"SOL","1700063941","1700063943","2","62.4902066"
"BTC","1700063094","1700063098","4","36267.554071565"
"BTC","1700063726","1700063729","3","36359.476363015"
"BTC","1700062762","1700062766","4","36271.5"
"ETH","1700064198","1700064200","2","2024.694166666"
"ETH","1700063264","1700063267","3","2016.7899326"
"ETH","1700063070","1700063072","2","2014.945"
"SOL","1700062799","1700062800","1","62.92162458"
"BTC","1700063348","1700063349","1","36347.455"
"BTC","1700063482","1700063485","3","36345.36313638"
"SOL","1700063537","1700063540","3","62.445"
"ETH","1700063949","1700063951","2","2021.17257947"
"SOL","1700064132","1700064135","3","62.68097145"
"ETH","1700064202","1700064203","1","2025.13625"
"ETH","1700063330","1700063331","1","2016.8225"
"SOL","1700063794","1700063797","3","62.35782886"
"ETH","1700063962","1700063966","4","2020.94190093"
"BTC","1700062614","1700062615","1","36235.462715087"
"ETH","1700063305","1700063306","1","2016.940499995"
"SOL","1700063450","1700063453","3","62.62392838"
"BTC","1700063104","1700063112","8","36280.139917054"
"BTC","1700063401","1700063403","2","36379.525"
"BTC","1700064086","1700064088","2","36428.47"
"ETH","1700063596","1700063600","4","2017.256666661"
"BTC","1700063210","1700063213","3","36310.145"
"BTC","1700063269","1700063273","4","36324.3875"
"ETH","1700062748","1700062749","1","2014.655"
"BTC","1700063523","1700063527","4","36323.20795214"
"BTC","1700064014","1700064018","4","36407.45841933"
"ETH","1700063246","1700063249","3","2016.51875979"
"ETH","1700063090","1700063095","5","2014.511630495"
"BTC","1700063519","1700063521","2","36323.127114995"
"BTC","1700063643","1700063646","3","36315.7325"
"BTC","1700062615","1700062621","6","36233.991262815"
"SOL","1700064147","1700064148","1","62.766507808"
"BTC","1700063395","1700063397","2","36383.92865106"
"BTC","1700063296","1700063301","5","36326.39514756"
"SOL","1700063688","1700063695","7","62.28183213"
"ETH","1700062842","1700062847","5","2014.7575"
"SOL","1700064146","1700064151","5","62.786144648"
"ETH","1700063128","1700063130","2","2015.29817367"
"ETH","1700063768","1700063768","0","2019.8"
"SOL","1700062853","1700062856","3","62.786553366"
"ETH","1700062751","1700062755","4","2014.682664045"
"BTC","1700063540","1700063541","1","36330.516954537"
"ETH","1700063596","1700063598","2","2017.256666661"
"ETH","1700063272","1700063277","5","2016.764999995"
"ETH","1700063145","1700063145","0","2015.73375"
"SOL","1700063201","1700063206","5","62.6004864"
"SOL","1700062978","1700062984","6","62.73716926"
"ETH","1700063253","1700063254","1","2016.5283518"
"BTC","1700063887","1700063889","2","36372.17986574"
"SOL","1700062871","1700062875","4","62.721375"
"SOL","1700062904","1700062909","5","62.749853095"
"ETH","1700063218","1700063222","4","2016.21869532"
"ETH","1700063534","1700063537","3","2017.89"
"SOL","1700064193","1700064198","5","63.110882333"
"SOL","1700062826","1700062827","1","62.920560005"
"SOL","1700063734","1700063736","2","62.329272515"
"BTC","1700062855","1700062856","1","36283.72"
"BTC","1700064048","1700064049","1","36409.601428571"
"SOL","1700062793","1700062794","1","62.91932035"
"ETH","1700063851","1700063855","4","2020.26999999"
"ETH","1700063156","1700063158","2","2015.89504822"
"ETH","1700063628","1700063632","4","2016.622142857"
"SOL","1700062937","1700062938","1","62.84424618"
"SOL","1700063645","1700063647","2","62.25974768"
"ETH","1700063791","1700063798","7","2019.937106215"
"BTC","1700063036","1700063040","4","36270.38785402"
"SOL","1700063895","1700063898","3","62.38413778"
"BTC","1700062799","1700062800","1","36288.879"
"BTC","1700064106","1700064111","5","36430.801057395"
"ETH","1700064123","1700064128","5","2020.7"
"SOL","1700063971","1700063973","2","62.43100589"
"SOL","1700063451","1700063453","2","62.6236025"
"ETH","1700063737","1700063739","2","2019.223486941"
"BTC","1700063183","1700063186","3","36309.52858906"
"BTC","1700064031","1700064033","2","36390.124965475"
"ETH","1700062762","1700062766","4","2014.95"
"BTC","1700063966","1700063971","5","36393.35321296"
"ETH","1700064135","1700064136","1","2020.74052651"
"BTC","1700063490","1700063495","5","36340.575"
"SOL","1700063109","1700063114","5","62.678856758"
"SOL","1700062855","1700062856","1","62.79000156"
"SOL","1700063064","1700063065","1","62.67706341"
"BTC","1700063144","1700063146","2","36288.27955838"
"ETH","1700063095","1700063098","3","2014.551732705"
"ETH","1700063884","1700063887","3","2019.973964355"
"ETH","1700063122","1700063123","1","2015.34609842"
"ETH","1700063083","1700063083","0","2014.766837295"
"SOL","1700062930","1700062935","5","62.843563975"
"BTC","1700063655","1700063659","4","36305.348333333"
"BTC","1700063230","1700063232","2","36303.881149506"
"SOL","1700064221","1700064224","3","62.99527542"
"ETH","1700063471","1700063472","1","2019.23267662"
"ETH","1700062914","1700062920","6","2015.42625"
"SOL","1700062799","1700062800","1","62.92162458"
"BTC","1700063390","1700063393","3","36370.38338565"
"SOL","1700062982","1700062984","2","62.724625"
"ETH","1700062957","1700062958","1","2016.314"
"ETH","1700062782","1700062785","3","2014.7334063"
"ETH","1700063148","1700063150","2","2015.813749995"
"SOL","1700064002","1700064003","1","62.447284935"
"BTC","1700063098","1700063106","8","36269.114761542"
"ETH","1700063406","1700063412","6","2019.02"
"SOL","1700062767","1700062773","6","62.91"
"SOL","1700063525","1700063529","4","62.52214074"
"BTC","1700063288","1700063293","5","36324.815"
"SOL","1700063681","1700063681","0","62.26"
"BTC","1700063138","1700063139","1","36290.6325"
"BTC","1700063575","1700063578","3","36315.286752095"
"BTC","1700063399","1700063403","4","36379.768849625"
"BTC","1700063630","1700063633","3","36304.908950815"
"BTC","1700064164","1700064166","2","36498.35756263"
"SOL","1700063534","1700063537","3","62.48427"
"ETH","1700063462","1700063465","3","2019.561313975"
"SOL","1700063706","1700063710","4","62.3025"
"SOL","1700063517","1700063519","2","62.5206267"
"SOL","1700063563","1700063565","2","62.3859365"
"SOL","1700063790","1700063791","1","62.378916883"
"ETH","1700064166","1700064169","3","2022.229702905"
"BTC","1700063490","1700063495","5","36340.575"
"SOL","1700063812","1700063813","1","62.40815167"
"ETH","1700063953","1700063962","9","2021.13611895"
"BTC","1700062743","1700062744","1","36271.813012893"
"BTC","1700063986","1700063989","3","36401.67104196"
"BTC","1700063157","1700063159","2","36292.383288325"
"ETH","1700063244","1700063249","5","2016.44291092"
"ETH","1700064021","1700064023","2","2020.98107668"
"ETH","1700063802","1700063808","6","2020.241149635"
"BTC","1700064211","1700064215","4","36560.08255329"
"BTC","1700062762","1700062766","4","36271.5"
"ETH","1700063456","1700063459","3","2019.678987785"
"ETH","1700062964","1700062965","1","2016.379123505"
"SOL","1700063315","1700063317","2","62.60855164"
"SOL","1700063879","1700063881","2","62.378333333"
"ETH","1700064117","1700064122","5","2020.66665796"
"SOL","1700064189","1700064191","2","62.99949881"
"BTC","1700062929","1700062935","6","36306.994375"
"BTC","1700063799","1700063801","2","36381.2385"
"BTC","1700062894","1700062898","4","36291.0618584"
"ETH","1700063862","1700063865","3","2019.934160895"
"BTC","1700063089","1700063097","8","36268.0075"
"BTC","1700063971","1700063972","1","36394.50686696"
"ETH","1700063209","1700063216","7","2016.31523"
"BTC","1700063482","1700063485","3","36345.36313638"
"BTC","1700063014","1700063016","2","36274.8775"
"BTC","1700063306","1700063308","2","36326.402069945"
"SOL","1700063947","1700063950","3","62.49428043"
"SOL","1700064020","1700064024","4","62.46108724"
"BTC","1700064061","1700064066","5","36433.713737794"
"BTC","1700063444","1700063448","4","36351.748636363"
"SOL","1700063840","1700063841","1","62.3859975"
"SOL","1700063639","1700063643","4","62.269664165"
"BTC","1700063679","1700063681","2","36316.590371685"
"BTC","1700063230","1700063232","2","36303.881149506"
"SOL","1700063453","1700063456","3","62.62302709"
"SOL","1700063553","1700063555","2","62.44701211"
"ETH","1700063726","1700063731","5","2018.823282041"
"BTC","1700063738","1700063742","4","36360.564011895"
"BTC","1700063922","1700063926","4","36378.505"
"BTC","1700064220","1700064221","1","36527.678147142"
"ETH","1700063589","1700063590","1","2017.46"
"SOL","1700063978","1700063980","2","62.433962045"
"ETH","1700063841","1700063845","4","2019.995"
"SOL","1700064207","1700064208","1","63.223644615"
"SOL","1700063198","1700063201","3","62.622446385"
"BTC","1700063867","1700063872","5","36373.651666666"
"BTC","1700063382","1700063387","5","36353.298622572"
"SOL","1700063393","1700063395","2","62.62099791"
"BTC","1700063346","1700063347","1","36342.83473936"
"ETH","1700063282","1700063285","3","2016.797446885"
"BTC","1700063310","1700063312","2","36320.70774059"
"SOL","1700063040","1700063041","1","62.648707942"
"SOL","1700063561","1700063563","2","62.392061075"
"SOL","1700063943","1700063946","3","62.497405875"
"BTC","1700063988","1700063989","1","36401.462146875"
"BTC","1700064227","1700064229","2","36509.194"
"SOL","1700063306","1700063307","1","62.61074054"
"ETH","1700063834","1700063835","1","2020.862142965"
"BTC","1700063771","1700063774","3","36377.79"
"SOL","1700062865","1700062869","4","62.720055905"
"ETH","1700062794","1700062795","1","2015.45875013"
"BTC","1700062777","1700062784","7","36271.21670903"
"ETH","1700062806","1700062811","5","2015.412083333"
"ETH","1700062794","1700062795","1","2015.45875013"
"SOL","1700063109","1700063114","5","62.678856758"
"SOL","1700063453","1700063456","3","62.62302709"
"BTC","1700063485","1700063486","1","36338.5875"
"SOL","1700063488","1700063489","1","62.608121002"
"ETH","1700063695","1700063701","6","2017.64125"
"ETH","1700063958","1700063962","4","2021.106"
"SOL","1700064077","1700064080","3","62.459063825"
"BTC","1700063629","1700063634","5","36304.21577625"
"ETH","1700062998","1700063000","2","2015.80916097"
"BTC","1700063156","1700063160","4","36294.094366465"
"BTC","1700063710","1700063717","7","36354.363834578"
"ETH","1700063937","1700063938","1","2020.89919094"
"BTC","1700063287","1700063291","4","36324.722714059"
"ETH","1700064204","1700064205","1","2025.13375"
"BTC","1700062621","1700062623","2","36243.271450356"
"BTC","1700063200","1700063201","1","36306.6175"
"BTC","1700064007","1700064008","1","36413.447155216"
"SOL","1700063802","1700063807","5","62.421865"
"BTC","1700062861","1700062862","1","36284.847325205"
"SOL","1700062827","1700062829","2","62.899341"
"SOL","1700062816","1700062820","4","62.9237885"
"SOL","1700063717","1700063719","2","62.268283805"
"SOL","1700063904","1700063906","2","62.4035851"
"BTC","1700064170","1700064171","1","36501.16848614"
"BTC","1700063132","1700063133","1","36282.867083333"
"BTC","1700062946","1700062949","3","36301.115972222"
"BTC","1700064099","1700064102","3","36435.11956694"
"BTC","1700063301","1700063302","1","36325.591014368"
"ETH","1700063064","1700063067","3","2014.95"
"SOL","1700063777","1700063781","4","62.436907935"
"SOL","1700064052","1700064056","4","62.418240965"
"BTC","1700062948","1700062950","2","36304.647822754"
"SOL","1700063276","1700063283","7","62.651568605"
"ETH","1700064216","1700064219","3","2023.799085435"
"BTC","1700063140","1700063141","1","36290.618"
"ETH","1700063464","1700063469","5","2019.64804294"
"ETH","1700063235","1700063238","3","2016.087905385"
"ETH","1700063030","1700063031","1","2014.471729665"
"ETH","1700063701","1700063705","4","2017.685"
"ETH","1700062975","1700062980","5","2016.44625"
"ETH","1700063881","1700063884","3","2020.015856918"
"ETH","1700062895","1700062902","7","2015.234166666"
"BTC","1700062871","1700062874","3","36291.488333333"
"ETH","1700063582","1700063586","4","2017.356038215"
"BTC","1700063721","1700063722","1","36354.9025"
"ETH","1700063542","1700063545","3","2018.201758935"
"SOL","1700063113","1700063117","4","62.675098561"
"ETH","1700063338","1700063344","6","2017.237675785"
"SOL","1700063361","1700063365","4","62.6059515"
"BTC","1700063387","1700063389","2","36364.573818802"
"BTC","1700064199","1700064200","1","36555.561962102"
"SOL","1700064039","1700064040","1","62.409750575"
"ETH","1700063189","1700063194","5","2016.235722118"
"ETH","1700063651","1700063653","2","2016.752209245"
"ETH","1700063507","1700063510","3","2018.802979628"
"ETH","1700062783","1700062785","2","2014.6825"
"BTC","1700062828","1700062831","3","36276.33108083"
"ETH","1700063450","1700063454","4","2019.298393333"
"BTC","1700063745","1700063753","8","36373.685452525"
"SOL","1700063843","1700063845","2","62.40020313"
"BTC","1700063524","1700063527","3","36316.7341271"
"BTC","1700064115","1700064116","1","36434.96577856"
"ETH","1700063992","1700063994","2","2021.13529622"
"BTC","1700063175","1700063176","1","36303.929666666"
"BTC","1700063865","1700063867","2","36373.353214285"
"BTC","1700064041","1700064046","5","36400.9325"
"SOL","1700063876","1700063877","1","62.366788085"
"SOL","1700063979","1700063981","2","62.42411"
"BTC","1700064115","1700064116","1","36434.96577856"
"BTC","1700064171","1700064173","2","36505.19503562"
"SOL","1700064227","1700064229","2","62.85756646"
"BTC","1700063637","1700063639","2","36311"
"SOL","1700064211","1700064216","5","63.183163125"
"ETH","1700063647","1700063653","6","2017.20905865"
"BTC","1700063313","1700063316","3","36321.5275"
"BTC","1700062859","1700062866","7","36283.413184128"
"BTC","1700063195","1700063200","5","36309.206666661"
"BTC","1700063483","1700063484","1","36344.35060999"
"ETH","1700063627","1700063634","7","2016.730296415"
"BTC","1700063297","1700063301","4","36325.35125"
"ETH","1700063238","1700063244","6","2016.52776091"
"BTC","1700063557","1700063562","5","36316.73"
"ETH","1700063221","1700063222","1","2016.32209969"
"ETH","1700063678","1700063681","3","2017.15"
"SOL","1700063921","1700063926","5","62.43076274"
"ETH","1700063688","1700063694","6","2017.555"
"ETH","1700063403","1700063405","2","2018.968333333"
"ETH","1700063425","1700063429","4","2019.691665745"
"SOL","1700064022","1700064024","2","62.42199679"
"ETH","1700064195","1700064200","5","2025.088888888"
"BTC","1700064132","1700064135","3","36443.84903776"
"ETH","1700064134","1700064135","1","2020.73382667"
"BTC","1700064002","1700064004","2","36418.06875"
"SOL","1700063992","1700063994","2","62.405"
"SOL","1700063612","1700063614","2","62.18789575"
"BTC","1700064206","1700064207","1","36567.998898359"
"ETH","1700064217","1700064219","2","2023.662793"
"BTC","1700064227","1700064229","2","36509.194"
"ETH","1700063054","1700063056","2","2014.70536307"
"SOL","1700064112","1700064112","0","62.673297195"
"BTC","1700063367","1700063369","2","36347.21874006"
"SOL","1700062937","1700062938","1","62.84424618"
"SOL","1700063027","1700063030","3","62.59835714"
"ETH","1700064205","1700064206","1","2025.132"
"ETH","1700063886","1700063889","3","2019.94935362"
"BTC","1700064185","1700064189","4","36542.9804"
"SOL","1700062737","1700062739","2","62.875069806"
"BTC","1700063424","1700063425","1","36361.837337824"
"SOL","1700063446","1700063448","2","62.62615384"
"SOL","1700062852","1700062853","1","62.79793593"
"SOL","1700063712","1700063717","5","62.3"
"BTC","1700062883","1700062887","4","36293.395764195"
"ETH","1700063797","1700063800","3","2019.86880449"
"SOL","1700062779","1700062784","5","62.90719922"
"ETH","1700063475","1700063479","4","2019.0102973"
"BTC","1700064198","1700064200","2","36558.718611116"
"SOL","1700063852","1700063855","3","62.40823741"
"SOL","1700062859","1700062866","7","62.773076271"
"BTC","1700063894","1700063896","2","36375.0575"
"SOL","1700063023","1700063024","1","62.59755891"
"ETH","1700063403","1700063405","2","2018.968333333"
"ETH","1700062892","1700062898","6","2014.9"
"BTC","1700063516","1700063519","3","36325.565"
"SOL","1700063462","1700063466","4","62.6906811"
"ETH","1700063903","1700063905","2","2020.27"
"BTC","1700063424","1700063426","2","36361.837337824"
"ETH","1700063996","1700063998","2","2021.753469803"
"ETH","1700063425","1700063429","4","2019.691665745"
"BTC","1700063485","1700063487","2","36338.5875"
"BTC","1700063165","1700063168","3","36296.178571428"
"ETH","1700063267","1700063275","8","2016.802199365"
"ETH","1700063267","1700063275","8","2016.802199365"
"SOL","1700063164","1700063168","4","62.6680823"
"SOL","1700064220","1700064221","1","63.0097725"
"ETH","1700063614","1700063618","4","2016.755241666"
"ETH","1700063635","1700063639","4","2017.08896393"
"ETH","1700063805","1700063810","5","2020.32772715"
"ETH","1700064225","1700064249","24","2022.57375"
"ETH","1700063945","1700063946","1","2020.83338188"
"SOL","1700063888","1700063890","2","62.3842"
"BTC","1700063591","1700063594","3","36311.296666661"
"BTC","1700062913","1700062915","2","36295.19119886"
"ETH","1700063193","1700063194","1","2016.3225456"
"SOL","1700063130","1700063132","2","62.66502602"
"SOL","1700062935","1700062937","2","62.85089264"
"ETH","1700062859","1700062866","7","2015.17255786"
"BTC","1700063927","1700063930","3","36381.775769873"
"ETH","1700063651","1700063658","7","2016.752209245"
"SOL","1700063187","1700063188","1","62.72"
"BTC","1700063405","1700063406","1","36380.893816322"
"SOL","1700063626","1700063628","2","62.201326075"
"SOL","1700064087","1700064088","1","62.53308999"
"BTC","1700064182","1700064183","1","36531.832666661"
"ETH","1700064201","1700064202","1","2024.944145282"
"ETH","1700064005","1700064006","1","2021.82006"
"SOL","1700063717","1700063718","1","62.268283805"
"ETH","1700063040","1700063041","1","2014.26087874"
"BTC","1700062879","1700062881","2","36293.480681818"
"ETH","1700063198","1700063200","2","2016.28749999"
"ETH","1700063174","1700063176","2","2016.08688618"
"SOL","1700063693","1700063695","2","62.30146794"
"SOL","1700063455","1700063459","4","62.634655506"
"BTC","1700064227","1700064229","2","36509.194"
"SOL","1700063652","1700063658","6","62.21894977"
"SOL","1700064227","1700064229","2","62.85756646"
"ETH","1700063154","1700063159","5","2015.807629159"
"BTC","1700063835","1700063836","1","36398.440714285"
"BTC","1700062777","1700062780","3","36271.21670903"
"SOL","1700063276","1700063283","7","62.651568605"
"ETH","1700063575","1700063579","4","2017.076687585"
"SOL","1700064134","1700064135","1","62.68349118"
"ETH","1700063957","1700063962","5","2021.113533845"
"SOL","1700063507","1700063512","5","62.5963475"
"ETH","1700063517","1700063519","2","2018.171862645"
"ETH","1700063753","1700063754","1","2019.70188136"
"ETH","1700063683","1700063684","1","2017.28349231"
"SOL","1700063725","1700063729","4","62.2942"
"SOL","1700064105","1700064106","1","62.618224138"
"SOL","1700063666","1700063668","2","62.215844"
"SOL","1700063299","1700063302","3","62.62660373"
"SOL","1700063966","1700063967","1","62.42728496"
"SOL","1700063052","1700063053","1","62.69691892"
"BTC","1700063250","1700063253","3","36324.859850855"
"SOL","1700063468","1700063472","4","62.71823496"
"SOL","1700063384","1700063387","3","62.611169645"
"ETH","1700063388","1700063389","1","2017.995690035"
"BTC","1700063536","1700063537","1","36319.033344615"
"SOL","1700063621","1700063623","2","62.142773805"
"SOL","1700064091","1700064097","6","62.5725"
"SOL","1700063338","1700063344","6","62.62253198"
"BTC","1700063447","1700063452","5","36349.485141615"
"BTC","1700064058","1700064065","7","36415.42299252"
"ETH","1700062982","1700062984","2","2016.361737633"
"SOL","1700062947","1700062948","1","62.79248495"
"SOL","1700064189","1700064191","2","62.99949881"
"ETH","1700063779","1700063780","1","2019.93634473"
"BTC","1700064020","1700064021","1","36399.846120175"
"BTC","1700063536","1700063540","4","36319.033344615"
"BTC","1700063850","1700063854","4","36382.51633554"
"BTC","1700063214","1700063216","2","36311.086037065"
"SOL","1700064203","1700064204","1","63.1825"
"SOL","1700063089","1700063095","6","62.64285313"
"SOL","1700063431","1700063435","4","62.645967455"
"SOL","1700063074","1700063079","5","62.655941865"
"SOL","1700064164","1700064166","2","62.832906965"
"BTC","1700064211","1700064215","4","36560.08255329"
"BTC","1700063688","1700063692","4","36328.27"
"ETH","1700063621","1700063622","1","2016.7498708"
"BTC","1700062876","1700062881","5","36292.0975"
"BTC","1700063697","1700063701","4","36335.69875"
"ETH","1700063875","1700063877","2","2019.95921681"
"BTC","1700063191","1700063195","4","36309.711486722"
"SOL","1700063798","1700063800","2","62.374020831"
"SOL","1700062882","1700062887","5","62.757582387"
"ETH","1700063046","1700063048","2","2014.48674583"
"SOL","1700063527","1700063529","2","62.507364775"
"ETH","1700063528","1700063529","1","2017.91448729"
"BTC","1700064188","1700064250","62","36545.045"
"ETH","1700062962","1700062967","5","2016.359230985"
"SOL","1700063034","1700063036","2","62.617674555"
"ETH","1700063286","1700063296","10","2016.8217245"
"ETH","1700063549","1700063550","1","2017.93112811"
"ETH","1700063664","1700063668","4","2016.664502965"
"BTC","1700064152","1700064153","1","36445.1525"
"ETH","1700063852","1700063855","3","2020.176677045"
"BTC","1700062805","1700062806","1","36291.943484848"
"ETH","1700063610","1700063614","4","2016.917621555"
"BTC","1700064010","1700064014","4","36411.32727576"
"ETH","1700062838","1700062840","2","2014.84163935"
"BTC","1700063331","1700063336","5","36323"
"BTC","1700063475","1700063475","0","36343.675"
"BTC","1700063726","1700063729","3","36359.476363015"
"BTC","1700064220","1700064221","1","36527.678147142"
"SOL","1700063722","1700063724","2","62.2925054"
"SOL","1700063321","1700063323","2","62.61865021"
"ETH","1700063836","1700063841","5","2020.62491156"
"ETH","1700063881","1700063886","5","2020.015856918"
"ETH","1700063938","1700063942","4","2020.90999337"
"ETH","1700063456","1700063459","3","2019.678987785"
"ETH","1700063685","1700063687","2","2017.745"
"BTC","1700062799","1700062800","1","36288.879"
"ETH","1700063500","1700063504","4","2019.490165"
"SOL","1700063788","1700063794","6","62.372175235"
"BTC","1700063596","1700063597","1","36315.37854094"
"BTC","1700063967","1700063971","4","36401.885"
"BTC","1700062855","1700062856","1","36283.72"
"BTC","1700064187","1700064188","1","36544.853571433"
"BTC","1700062998","1700062999","1","36295.3261992"
"BTC","1700063175","1700063176","1","36303.929666666"
"ETH","1700063300","1700063301","1","2016.93"
"BTC","1700063715","1700063718","3","36348.22863997"
"BTC","1700064007","1700064010","3","36413.447155216"
"SOL","1700064006","1700064007","1","62.45"
"ETH","1700063499","1700063504","5","2019.52690918"
"ETH","1700063955","1700063962","7","2021.0947888"
"ETH","1700063300","1700063302","2","2016.93"
"BTC","1700063537","1700063540","3","36318.379444444"
"BTC","1700063731","1700063734","3","36359.4595186"
"BTC","1700063881","1700063884","3","36365.83135598"
"BTC","1700062932","1700062936","4","36306.7"
"BTC","1700063971","1700063972","1","36394.50686696"
"ETH","1700062962","1700062964","2","2016.359230985"
"ETH","1700063231","1700063235","4","2015.835200304"
"BTC","1700063673","1700063674","1","36310.287075"
"SOL","1700064038","1700064040","2","62.40926937"
"BTC","1700064191","1700064191","0","36549.468723665"
"BTC","1700062960","1700062963","3","36306.22511316"
"ETH","1700063017","1700063018","1","2014.74501717"
"SOL","1700063287","1700063290","3","62.629547775"
"SOL","1700063539","1700063540","1","62.4678921"
"ETH","1700063809","1700063810","1","2020.298638055"
"SOL","1700062759","1700062761","2","62.91696693"
"BTC","1700063627","1700063632","5","36297.61844394"
"BTC","1700063776","1700063778","2","36378.303401695"
"SOL","1700062743","1700062744","1","62.930543495"
"SOL","1700063998","1700064005","7","62.42422754"
"SOL","1700063442","1700063448","6","62.622655363"
"SOL","1700062903","1700062906","3","62.747351955"
"SOL","1700063117","1700063119","2","62.672756901"
"SOL","1700064198","1700064200","2","63.12733249"
"SOL","1700062984","1700062986","2","62.72675"
"BTC","1700062889","1700062891","2","36287.6171018"
"SOL","1700063705","1700063709","4","62.27182943"
"ETH","1700062888","1700062892","4","2014.852722995"
"ETH","1700064208","1700064212","4","2024.902857142"
"SOL","1700063892","1700063894","2","62.386044068"
"SOL","1700064080","1700064082","2","62.46308313"
"ETH","1700064096","1700064097","1","2020.67435014"
"BTC","1700064052","1700064056","4","36416.568333333"
"ETH","1700064115","1700064116","1","2020.7"
"BTC","1700063052","1700063053","1","36271.990058525"
"BTC","1700064036","1700064037","1","36390.48194651"
"SOL","1700063536","1700063537","1","62.444375"
"BTC","1700063078","1700063079","1","36274"
"SOL","1700063413","1700063418","5","62.712666725"
"ETH","1700063145","1700063146","1","2015.73375"
"ETH","1700063393","1700063395","2","2018.248052393"
"ETH","1700063051","1700063056","5","2014.672827228"
"BTC","1700064020","1700064021","1","36399.846120175"
"SOL","1700064095","1700064097","2","62.57638048"
"SOL","1700062899","1700062902","3","62.7625"
"SOL","1700063315","1700063317","2","62.60855164"
"SOL","1700064032","1700064033","1","62.37101375"
"SOL","1700063186","1700063187","1","62.725"
"SOL","1700064026","1700064027","1","62.389928475"
"BTC","1700063344","1700063347","3","36342.659666666"
"SOL","1700062984","1700062986","2","62.72675"
"BTC","1700063573","1700063576","3","36316.058701945"
"ETH","1700062737","1700062739","2","2014.62"
"ETH","1700063185","1700063187","2","2016.26665039"
"ETH","1700063608","1700063609","1","2016.970150293"
"SOL","1700063670","1700063673","3","62.2076"
"SOL","1700062807","1700062811","4","62.92053617"
"BTC","1700062879","1700062881","2","36293.480681818"
"ETH","1700063027","1700063028","1","2014.51378343"
"ETH","1700063217","1700063218","1","2016.44040381"
"ETH","1700064115","1700064116","1","2020.7"
"ETH","1700063140","1700063142","2","2015.769175105"
"BTC","1700063949","1700063951","2","36396.733390875"
"SOL","1700063899","1700063900","1","62.39746031"
"ETH","1700063905","1700063906","1","2020.33615437"
"ETH","1700063126","1700063129","3","2015.26767367"
"BTC","1700063263","1700063264","1","36321.46531265"
"BTC","1700063935","1700063936","1","36392.791403445"
"ETH","1700063546","1700063550","4","2018.209070572"
"SOL","1700063653","1700063655","2","62.210552495"
"BTC","1700063970","1700063972","2","36401.88921508"
"SOL","1700062854","1700062856","2","62.788259545"
"BTC","1700064057","1700064065","8","36419.5625"
"SOL","1700064151","1700064152","1","62.73635423"
"SOL","1700064203","1700064204","1","63.1825"
"BTC","1700063119","1700063120","1","36283.781666666"
"SOL","1700062827","1700062832","5","62.899341"
"SOL","1700063429","1700063435","6","62.64997787"
"SOL","1700063597","1700063600","3","62.315392972"
"SOL","1700063230","1700063232","2","62.63696879"
"SOL","1700063230","1700063232","2","62.63696879"
"BTC","1700063138","1700063139","1","36290.6325"
"SOL","1700063596","1700063600","4","62.323338275"
"BTC","1700063663","1700063668","5","36305.62963496"
"BTC","1700063168","1700063170","2","36298.937454665"
"SOL","1700063796","1700063799","3","62.35353708"
"BTC","1700063879","1700063881","2","36371.099227968"
"SOL","1700064110","1700064112","2","62.68625"
"BTC","1700064194","1700064198","4","36559.098931546"
"ETH","1700064202","1700064203","1","2025.13625"
"ETH","1700063704","1700063708","4","2017.778363825"
"BTC","1700063414","1700063419","5","36375.842899995"
"SOL","1700062991","1700062993","2","62.700166855"
"ETH","1700063512","1700063515","3","2018.68523931"
"BTC","1700064040","1700064040","0","36398.41499999"
"SOL","1700063119","1700063120","1","62.680939695"
"ETH","1700062845","1700062847","2","2014.81312505"
"ETH","1700063327","1700063330","3","2016.8583633"
"BTC","1700063640","1700063641","1","36316.23"
"ETH","1700062852","1700062853","1","2015.1975"
"SOL","1700063113","1700063117","4","62.675098561"
"BTC","1700063593","1700063596","3","36308.40201031"
"BTC","1700063950","1700063952","2","36397.837390875"
"ETH","1700063395","1700063396","1","2018.451849075"
"BTC","1700062754","1700062755","1","36270.061249995"
"BTC","1700063403","1700063406","3","36380.09180039"
"SOL","1700063487","1700063490","3","62.62090218"
"ETH","1700063986","1700063990","4","2021.047449181"
"ETH","1700063537","1700063540","3","2017.84184006"
"SOL","1700063369","1700063372","3","62.61741943"
"SOL","1700063484","1700063487","3","62.63441537"
"BTC","1700063527","1700063529","2","36321.24083379"
"ETH","1700062773","1700062774","1","2014.61957221"
"SOL","1700063967","1700063971","4","62.430625"
"BTC","1700063966","1700063967","1","36393.35321296"
"SOL","1700063341","1700063343","2","62.61095325"
"ETH","1700064068","1700064071","3","2021.266654705"
"SOL","1700064051","1700064052","1","62.41967988"
"BTC","1700062617","1700062621","4","36237.54454549"
"SOL","1700063282","1700063285","3","62.643584425"
"ETH","1700063273","1700063277","4","2016.78125"
"ETH","1700064067","1700064068","1","2021.19007585"
"SOL","1700063287","1700063292","5","62.629547775"
"SOL","1700064148","1700064151","3","62.75376957"
"BTC","1700063885","1700063891","6","36371.4275"
"ETH","1700064025","1700064026","1","2020.756947855"
"ETH","1700063098","1700063104","6","2014.662293565"
"SOL","1700063332","1700063336","4","62.60007556"
"SOL","1700063748","1700063753","5","62.3975"
"SOL","1700063049","1700063051","2","62.70422208"
"BTC","1700063545","1700063546","1","36332.800126205"
"BTC","1700063921","1700063926","5","36383.117097385"
"SOL","1700062937","1700062939","2","62.83921412"
"ETH","1700063858","1700063859","1","2020.07587203"
"ETH","1700063059","1700063061","2","2014.881249995"
"ETH","1700063082","1700063086","4","2014.735910506"
"SOL","1700063899","1700063900","1","62.39746031"
"SOL","1700063215","1700063219","4","62.61644591"
"SOL","1700063291","1700063296","5","62.63"
"BTC","1700062823","1700062823","0","36283.308705524"
"BTC","1700063415","1700063418","3","36371.8635"
"ETH","1700063710","1700063714","4","2018.58941377"
"BTC","1700062919","1700062925","6","36295.836666666"
"SOL","1700063297","1700063301","4","62.629308415"
"BTC","1700064083","1700064084","1","36433.99788275"
"ETH","1700063053","1700063056","3","2014.695519925"
"SOL","1700063039","1700063041","2","62.61730131"
"BTC","1700063092","1700063094","2","36268.123714422"
"SOL","1700063199","1700063201","2","62.64475876"
"SOL","1700063469","1700063472","3","62.718375"
"BTC","1700063218","1700063222","4","36311.251"
"SOL","1700063617","1700063621","4","62.140094585"
"SOL","1700064182","1700064186","4","62.934520675"
"BTC","1700062977","1700062981","4","36300.852"
"SOL","1700063947","1700063950","3","62.49428043"
"SOL","1700063182","1700063183","1","62.7313214"
"BTC","1700063765","1700063768","3","36376.294965338"
"SOL","1700062842","1700062847","5","62.802194819"
"SOL","1700063617","1700063621","4","62.140094585"
"ETH","1700063637","1700063639","2","2017.17891376"
"SOL","1700062816","1700062819","3","62.9237885"
"ETH","1700063687","1700063694","7","2017.6375"
"SOL","1700063911","1700063914","3","62.41482025"
"BTC","1700063423","1700063425","2","36363.550170315"
"ETH","1700064092","1700064097","5","2020.598805305"
"SOL","1700063676","1700063680","4","62.22742184"
"BTC","1700063345","1700063346","1","36340.8758906"
"BTC","1700064147","1700064151","4","36447.294314875"
"ETH","1700064057","1700064065","8","2020.8925"
"SOL","1700064070","1700064076","6","62.45359998"
"SOL","1700063721","1700063724","3","62.278326045"
"ETH","1700063788","1700063793","5","2019.8318194"
"SOL","1700063127","1700063128","1","62.68124794"
"ETH","1700063325","1700063330","5","2016.763263455"
"ETH","1700063596","1700063600","4","2017.256666661"
"ETH","1700062820","1700062823","3","2015.30034127"
"SOL","1700063239","1700063240","1","62.7091387"
"SOL","1700063439","1700063440","1","62.629859626"
"ETH","1700063817","1700063818","1","2020.233766515"
"BTC","1700063199","1700063201","2","36307.125416666"
"SOL","1700063244","1700063249","5","62.701150434"
"ETH","1700063858","1700063859","1","2020.07587203"
"BTC","1700063438","1700063439","1","36360.579245159"
"ETH","1700063539","1700063540","1","2018.018939045"
"BTC","1700063435","1700063439","4","36361.83377217"
"ETH","1700063704","1700063705","1","2017.778363825"
"ETH","1700064058","1700064066","8","2020.97"
"ETH","1700064082","1700064084","2","2020.72"
"SOL","1700064227","1700064229","2","62.85756646"
"ETH","1700063460","1700063463","3","2019.855"
"SOL","1700063731","1700063734","3","62.30123676"
"BTC","1700063034","1700063036","2","36269.28375"
"BTC","1700063363","1700063365","2","36345.126881125"
"BTC","1700063646","1700063651","5","36313.104953451"
"BTC","1700063761","1700063762","1","36369.735799975"
"ETH","1700063482","1700063485","3","2019.02"
"ETH","1700063771","1700063774","3","2019.971554045"
"BTC","1700063376","1700063383","7","36357.58611857"
"BTC","1700063680","1700063681","1","36311.62036086"
"BTC","1700063849","1700063855","6","36383.97396924"
"BTC","1700063253","1700063254","1","36325.921372596"
"SOL","1700063549","1700063550","1","62.45"
"SOL","1700062794","1700062795","1","62.927813661"
"SOL","1700063829","1700063833","4","62.449754685"
"BTC","1700064201","1700064202","1","36563.250625005"
"ETH","1700063071","1700063078","7","2014.855129955"
"SOL","1700063668","1700063673","5","62.2145"
"ETH","1700063819","1700063821","2","2020.271715875"
"BTC","1700064225","1700064249","24","36515.267751425"
"BTC","1700063326","1700063330","4","36323.65581449"
"SOL","1700063657","1700063659","2","62.19432326"
"BTC","1700063815","1700063816","1","36390.59581203"
"SOL","1700064037","1700064039","2","62.412900975"
"SOL","1700062928","1700062928","0","62.812"
"ETH","1700064051","1700064052","1","2020.805667095"
"ETH","1700063430","1700063435","5","2019.60817424"
"BTC","1700064033","1700064035","2","36389.01518635"
"SOL","1700063361","1700063365","4","62.6059515"
"ETH","1700063289","1700063296","7","2016.890367647"
"ETH","1700063214","1700063216","2","2016.39412884"
"SOL","1700062834","1700062837","3","62.862777777"
"SOL","1700063588","1700063591","3","62.34"
"ETH","1700062888","1700062891","3","2014.852722995"
"BTC","1700062991","1700062993","2","36296.10848102"
"ETH","1700062985","1700062986","1","2016.21396951"
"ETH","1700063713","1700063717","4","2018.285"
"SOL","1700063866","1700063872","6","62.37523809"
"SOL","1700063095","1700063098","3","62.6433482"
"BTC","1700062838","1700062840","2","36273.62"
"BTC","1700063922","1700063926","4","36378.505"
"ETH","1700064077","1700064080","3","2020.704845535"
"BTC","1700063269","1700063273","4","36324.3875"
"SOL","1700063491","1700063496","5","62.63128571"
"BTC","1700063386","1700063387","1","36362.8815"
"SOL","1700063841","1700063845","4","62.37334986"
"ETH","1700063374","1700063378","4","2017.64998147"
"ETH","1700062995","1700062996","1","2015.81499999"
"ETH","1700063068","1700063075","7","2014.99186759"
"SOL","1700064221","1700064225","4","62.99527542"
"BTC","1700063017","1700063019","2","36272.481166666"
"BTC","1700063690","1700063694","4","36335.37339846"
"BTC","1700064037","1700064039","2","36398.093333333"
"SOL","1700064210","1700064216","6","63.200698282"
"SOL","1700062744","1700062745","1","62.936896641"
"SOL","1700063012","1700063015","3","62.635221335"
"SOL","1700063148","1700063150","2","62.665"
"ETH","1700062977","1700062981","4","2016.42375"
"ETH","1700062769","1700062773","4","2014.759521795"
"BTC","1700062892","1700062898","6","36287.794457465"
"BTC","1700063464","1700063467","3","36352.621388888"
"SOL","1700063761","1700063762","1","62.362928075"
"BTC","1700063969","1700063971","2","36402.208741755"
"ETH","1700063093","1700063097","4","2014.583298505"
"SOL","1700063171","1700063173","2","62.73089001"
"SOL","1700064225","1700064249","24","62.931443225"
"BTC","1700063258","1700063260","2","36327.023571428"
"SOL","1700062919","1700062922","3","62.770328903"
"BTC","1700063291","1700063296","5","36326.17"
"BTC","1700062627","1700062630","3","36247.018736845"
"ETH","1700063995","1700063998","3","2021.573979807"
"BTC","1700063590","1700063591","1","36310.457687735"
"SOL","1700063349","1700063350","1","62.613372035"
"BTC","1700063035","1700063036","1","36269.64875"
"SOL","1700062872","1700062874","2","62.724657475"
"SOL","1700063889","1700063892","3","62.38170134"
"ETH","1700063956","1700063962","6","2021.1141552"
"ETH","1700063972","1700063975","3","2021.104656965"
"BTC","1700063062","1700063062","0","36278.896016133"
"SOL","1700062920","1700062922","2","62.765125"
"SOL","1700064160","1700064161","1","62.82326649"
"ETH","1700064035","1700064037","2","2020.34785171"
"BTC","1700063712","1700063717","5","36352.6150475"
"BTC","1700063459","1700063465","6","36356.360555555"
"BTC","1700062897","1700062904","7","36290.8850516"
"BTC","1700063941","1700063943","2","36397.698787765"
"ETH","1700064220","1700064221","1","2023.38398794"
"ETH","1700063426","1700063428","2","2019.638256923"
"BTC","1700062762","1700062766","4","36271.5"
"SOL","1700064182","1700064183","1","62.934520675"
"BTC","1700063077","1700063079","2","36274"
"ETH","1700063623","1700063628","5","2016.7536854"
"BTC","1700063374","1700063378","4","36359.14017091"
"BTC","1700063935","1700063938","3","36394.353"
"ETH","1700064095","1700064097","2","2020.63419157"
"BTC","1700064199","1700064200","1","36555.561962102"
"BTC","1700063457","1700063459","2","36352.64373615"
"SOL","1700063174","1700063178","4","62.759499995"
"ETH","1700064148","1700064151","3","2020.759166666"
"ETH","1700063349","1700063350","1","2016.943268955"
"BTC","1700064101","1700064104","3","36430.123571428"
"ETH","1700062762","1700062764","2","2014.95"
"ETH","1700063870","1700063872","2","2020.065"
"BTC","1700062774","1700062776","2","36270.925"
"BTC","1700063508","1700063510","2","36333.1125"
"SOL","1700063349","1700063350","1","62.61230609"
"SOL","1700064014","1700064018","4","62.495"
"ETH","1700063581","1700063582","1","2017.305258885"
"ETH","1700063418","1700063419","1","2019.882916666"
"BTC","1700064124","1700064128","4","36437.923490175"
"ETH","1700062898","1700062902","4","2015.068333333"
"ETH","1700062949","1700062950","1","2016.143979335"
"BTC","1700064136","1700064139","3","36444.3925"
"ETH","1700063551","1700063554","3","2017.97"
"ETH","1700063253","1700063255","2","2016.5283518"
"SOL","1700064156","1700064157","1","62.839662895"
"SOL","1700063107","1700063115","8","62.700808265"
"BTC","1700063168","1700063171","3","36298.937454665"
"BTC","1700063672","1700063673","1","36314.02400525"
"ETH","1700063762","1700063766","4","2019.585"
"BTC","1700063566","1700063567","1","36319.019471655"
"ETH","1700063280","1700063286","6","2016.7571129"
"SOL","1700062816","1700062819","3","62.9237885"
"ETH","1700063522","1700063523","1","2018.000080458"
"SOL","1700063568","1700063569","1","62.37826812"
"BTC","1700063573","1700063576","3","36316.058701945"
"SOL","1700063746","1700063747","1","62.400125"
"BTC","1700063912","1700063914","2","36384.06493654"
"ETH","1700064069","1700064077","8","2021.2425"
"SOL","1700063073","1700063075","2","62.66180895"
"BTC","1700062737","1700062739","2","36268.110647805"
"BTC","1700063852","1700063855","3","36373.7163026"
"SOL","1700063961","1700063963","2","62.44783181"
"BTC","1700063003","1700063008","5","36290.669303537"
"ETH","1700063642","1700063646","4","2017.179967145"
"BTC","1700063149","1700063150","1","36292.065"
"ETH","1700062925","1700062928","3","2015.604985"
"BTC","1700063029","1700063031","2","36270.265"
"SOL","1700063776","1700063777","1","62.43108074"
"ETH","1700063777","1700063778","1","2019.9125"
"ETH","1700062804","1700062806","2","2015.439141215"
"SOL","1700063918","1700063919","1","62.43"
"BTC","1700064065","1700064067","2","36440.45875"
"SOL","1700063141","1700063142","1","62.680151671"
"ETH","1700062908","1700062909","1","2015.30755315"
"BTC","1700062998","1700062999","1","36295.3261992"
"ETH","1700063919","1700063921","2","2020.9025"
"BTC","1700063134","1700063138","4","36285.78288911"
"ETH","1700062903","1700062909","6","2015.30667346"
"SOL","1700063282","1700063285","3","62.643584425"
"SOL","1700063369","1700063373","4","62.61741943"
"SOL","1700063763","1700063766","3","62.37299751"
"ETH","1700062975","1700062979","4","2016.44625"
"SOL","1700063637","1700063639","2","62.270995235"
"BTC","1700063122","1700063122","0","36283.379166666"
"SOL","1700063330","1700063331","1","62.61214701"
"ETH","1700064194","1700064198","4","2025.040833333"
"ETH","1700063707","1700063710","3","2018.064166666"
"ETH","1700062811","1700062812","1","2015.321666666"
"ETH","1700062773","1700062774","1","2014.61957221"
"ETH","1700063680","1700063681","1","2017.13125"
"SOL","1700062875","1700062881","6","62.7165899"
"BTC","1700062923","1700062928","5","36295.498174016"
"SOL","1700063489","1700063493","4","62.61407388"
"BTC","1700063845","1700063848","3","36383.2381363"
"BTC","1700062804","1700062806","2","36291.319"
"ETH","1700063731","1700063734","3","2018.92875"
"BTC","1700063576","1700063577","1","36312.965"
"SOL","1700063602","1700063611","9","62.31237714"
"SOL","1700062935","1700062936","1","62.85089264"
"ETH","1700063570","1700063575","5","2017.260139185"
"BTC","1700064182","1700064183","1","36531.832666661"
"ETH","1700063475","1700063479","4","2019.0102973"
"BTC","1700062942","1700062944","2","36306.185"
"SOL","1700063167","1700063170","3","62.68"
"BTC","1700063941","1700063943","2","36397.698787765"
"BTC","1700063812","1700063814","2","36384.28398393"
"ETH","1700063693","1700063695","2","2017.63346473"
"SOL","1700063728","1700063729","1","62.293575"
"SOL","1700064119","1700064123","4","62.6536595"
"SOL","1700064164","1700064166","2","62.832906965"
"BTC","1700064065","1700064067","2","36440.45875"
"SOL","1700064017","1700064021","4","62.488875625"
"SOL","1700063398","1700063398","0","62.63279244"
"ETH","1700063999","1700064005","6","2021.778446035"
"ETH","1700062820","1700062823","3","2015.30034127"
"BTC","1700063992","1700063994","2","36402.174958349"
"ETH","1700062812","1700062814","2","2015.319285714"
"BTC","1700062783","1700062785","2","36270.515"
"SOL","1700063840","1700063841","1","62.3859975"
"BTC","1700064064","1700064066","2","36440.22"
"SOL","1700064203","1700064204","1","63.1825"
"BTC","1700063660","1700063660","0","36304.178457865"
"BTC","1700062938","1700062939","1","36309.020833328"
"ETH","1700064217","1700064219","2","2023.662793"
"BTC","1700063730","1700063734","4","36359.233333333"
"ETH","1700063356","1700063359","3","2016.963818262"
"ETH","1700062988","1700062991","3","2015.944479628"
"SOL","1700063418","1700063419","1","62.711666666"
"BTC","1700063915","1700063920","5","36387.04"
"BTC","1700063785","1700063786","1","36369.109349593"
"ETH","1700064049","1700064052","3","2020.699170763"
"BTC","1700063084","1700063086","2","36270.025"
"BTC","1700064198","1700064200","2","36558.718611116"
"BTC","1700063264","1700063266","2","36323.4822305"
"ETH","1700063394","1700063395","1","2018.403464115"
"ETH","1700063139","1700063141","2","2015.819090909"
"SOL","1700064133","1700064135","2","62.68228571"
"ETH","1700064193","1700064200","7","2024.824446"
"SOL","1700062977","1700062981","4","62.73358463"
"SOL","1700062989","1700062991","2","62.6839822"
"SOL","1700062737","1700062739","2","62.875069806"
"SOL","1700063464","1700063467","3","62.70248382"
"BTC","1700063670","1700063673","3","36309.171428571"
"BTC","1700063932","1700063936","4","36388.920811031"
"BTC","1700063444","1700063450","6","36351.748636363"
"ETH","1700063609","1700063615","6","2016.910121555"
"BTC","1700064123","1700064128","5","36439.17"
"ETH","1700063289","1700063296","7","2016.890367647"
"SOL","1700063566","1700063567","1","62.383634615"
"SOL","1700063569","1700063572","3","62.3737614"
"SOL","1700064225","1700064249","24","62.931443225"
"ETH","1700063786","1700063791","5","2019.66659269"
"BTC","1700064121","1700064123","2","36440.012579455"
"ETH","1700063657","1700063659","2","2016.64801187"
"ETH","1700063128","1700063129","1","2015.32222065"
"SOL","1700064077","1700064080","3","62.459063825"
"BTC","1700063727","1700063729","2","36359.524942705"
"SOL","1700063979","1700063980","1","62.42411"
"SOL","1700063502","1700063504","2","62.64311285"
"BTC","1700064054","1700064057","3","36417.524567805"
"BTC","1700063825","1700063826","1","36399.17"
"ETH","1700063604","1700063611","7","2017.01060188"
"BTC","1700063895","1700063898","3","36375.725"
"ETH","1700064110","1700064111","1","2020.5252218"
"ETH","1700063042","1700063044","2","2014.25342374"
"SOL","1700062766","1700062771","5","62.921432275"
"BTC","1700063220","1700063222","2","36307.42102392"
"BTC","1700063879","1700063881","2","36371.099227968"
"BTC","1700063070","1700063071","1","36273.835575625"
"SOL","1700064012","1700064014","2","62.486575"
"BTC","1700062945","1700062948","3","36298.489333333"
"SOL","1700062938","1700062939","1","62.83261771"
"BTC","1700063010","1700063015","5","36279.293649678"
"ETH","1700062807","1700062810","3","2015.381"
"BTC","1700062855","1700062859","4","36283.72"
"ETH","1700063649","1700063649","0","2016.84184094"
"SOL","1700063830","1700063833","3","62.44309887"
"SOL","1700063544","1700063549","5","62.47169967"
"BTC","1700063775","1700063777","2","36377.545939828"
"SOL","1700063161","1700063163","2","62.65911573"
"ETH","1700063172","1700063173","1","2015.837054885"
"ETH","1700064077","1700064080","3","2020.704845535"
"BTC","1700062763","1700062768","5","36270.7775"
"ETH","1700063141","1700063145","4","2015.81877446"
"SOL","1700063548","1700063550","2","62.44880686"
"ETH","1700064071","1700064077","6","2021.265"
"BTC","1700063141","1700063142","1","36292.74547586"
"SOL","1700062887","1700062888","1","62.76109604"
"SOL","1700063926","1700063930","4","62.410705"
"ETH","1700064049","1700064052","3","2020.699170763"
"SOL","1700063858","1700063859","1","62.378859275"
"SOL","1700063117","1700063119","2","62.672756901"
"ETH","1700063235","1700063238","3","2016.087905385"
"SOL","1700063947","1700063950","3","62.49428043"
"BTC","1700062875","1700062878","3","36292.52875"
"ETH","1700063098","1700063101","3","2014.662293565"
"ETH","1700063205","1700063207","2","2016.3375"
"BTC","1700063642","1700063646","4","36309.99157742"
"ETH","1700063757","1700063761","4","2019.837177611"
"BTC","1700063992","1700063994","2","36402.174958349"
"ETH","1700062903","1700062906","3","2015.30667346"
"BTC","1700062785","1700062789","4","36271.463214285"
"BTC","1700063082","1700063084","2","36271.5786"
"SOL","1700063519","1700063522","3","62.52311412"
"BTC","1700064191","1700064193","2","36549.468723665"
"BTC","1700064215","1700064219","4","36539.61558824"
"BTC","1700063438","1700063439","1","36360.579245159"
"ETH","1700063689","1700063694","5","2017.669236985"
"ETH","1700062879","1700062880","1","2015.347857142"
"ETH","1700063665","1700063668","3","2016.70666723"
"BTC","1700063793","1700063798","5","36374.521445785"
"SOL","1700063834","1700063835","1","62.451992365"
"SOL","1700063336","1700063338","2","62.59559302"
"ETH","1700064036","1700064037","1","2020.510938333"
"ETH","1700064214","1700064216","2","2024.089692885"
"SOL","1700062939","1700062945","6","62.820371365"
"BTC","1700063071","1700063077","6","36273.94999999"
"SOL","1700063231","1700063235","4","62.655277777"
"BTC","1700064160","1700064161","1","36489.888888888"
"BTC","1700062964","1700062972","8","36302.282692307"
"SOL","1700064128","1700064129","1","62.6807725"
"ETH","1700063832","1700063833","1","2020.765"
"BTC","1700063655","1700063659","4","36305.348333333"
"SOL","1700063869","1700063872","3","62.383405345"
"SOL","1700063356","1700063359","3","62.601631748"
"ETH","1700063480","1700063483","3","2019.10423348"
"ETH","1700063627","1700063632","5","2016.730296415"
"SOL","1700063075","1700063079","4","62.663333333"
"ETH","1700064118","1700064122","4","2020.626864736"
"SOL","1700064182","1700064183","1","62.934520675"
"SOL","1700062991","1700062996","5","62.700166855"
"ETH","1700063731","1700063734","3","2018.92875"
"SOL","1700063757","1700063761","4","62.37499555"
"ETH","1700064213","1700064214","1","2024.272008085"
"ETH","1700063687","1700063688","1","2017.66659697"
"SOL","1700063932","1700063936","4","62.42553264"
"SOL","1700062786","1700062789","3","62.90630714"
"SOL","1700063146","1700063147","1","62.671403535"
"SOL","1700063282","1700063285","3","62.643584425"
"SOL","1700063361","1700063365","4","62.6059515"
"BTC","1700063285","1700063286","1","36323.32"
"SOL","1700063766","1700063768","2","62.38173417"
"BTC","1700063258","1700063261","3","36327.023571428"
"ETH","1700063488","1700063489","1","2018.89199055"
"BTC","1700063462","1700063465","3","36356.848333333"
"BTC","1700062756","1700062761","5","36270.350439485"
"ETH","1700062919","1700062923","4","2015.532912091"
"BTC","1700064097","1700064098","1","36435.824061235"
"SOL","1700063912","1700063914","2","62.419186213"
"ETH","1700063844","1700063845","1","2019.92474638"
"ETH","1700063626","1700063632","6","2016.75576577"
"BTC","1700063425","1700063429","4","36359.77095238"
"SOL","1700064084","1700064087","3","62.54283446"
"BTC","1700064164","1700064166","2","36498.35756263"
"ETH","1700063899","1700063900","1","2020.462499995"
"SOL","1700063285","1700063287","2","62.634148885"
"ETH","1700063566","1700063567","1","2017.35667166"
"ETH","1700062888","1700062891","3","2014.852722995"
"SOL","1700063927","1700063930","3","62.4153525"
"SOL","1700062810","1700062812","2","62.919290176"
"ETH","1700063384","1700063387","3","2017.5604013"
"ETH","1700064118","1700064122","4","2020.643973571"
"ETH","1700062894","1700062898","4","2014.9525"
"ETH","1700063476","1700063480","4","2019.060805435"
"SOL","1700063626","1700063627","1","62.19464368"
"ETH","1700063189","1700063194","5","2016.235722118"
"BTC","1700063977","1700063978","1","36402.033231695"
"ETH","1700063046","1700063048","2","2014.51922629"
"SOL","1700062785","1700062790","5","62.90585996"
"BTC","1700063733","1700063737","4","36359.48"
"SOL","1700063915","1700063920","5","62.433027035"
"BTC","1700062770","1700062773","3","36270.493635975"
"BTC","1700063736","1700063738","2","36354"
"ETH","1700063892","1700063894","2","2019.996620586"
"SOL","1700063264","1700063266","2","62.67564417"
"BTC","1700063379","1700063383","4","36357.72617647"
"BTC","1700063753","1700063754","1","36368.546325935"
"SOL","1700063060","1700063062","2","62.680698"
"ETH","1700063767","1700063769","2","2019.795"
"BTC","1700064123","1700064128","5","36439.17"
"SOL","1700063134","1700063138","4","62.67502442"
"ETH","1700063512","1700063517","5","2018.68523931"
"ETH","1700064110","1700064112","2","2020.62011286"
"BTC","1700063221","1700063222","1","36311.345"
"BTC","1700063070","1700063077","7","36274.5"
"ETH","1700063249","1700063253","4","2016.59220326"
"SOL","1700063546","1700063550","4","62.464148525"
"ETH","1700062945","1700062948","3","2016.102916661"
"BTC","1700063986","1700063990","4","36401.67104196"
"BTC","1700063942","1700063943","1","36397.559874775"
"BTC","1700063711","1700063717","6","36356.72"
"SOL","1700063794","1700063799","5","62.35782886"
"BTC","1700064031","1700064033","2","36390.124965475"
"ETH","1700063191","1700063195","4","2016.265877425"
"SOL","1700063290","1700063296","6","62.62469867"
"SOL","1700063227","1700063230","3","62.663760975"
"SOL","1700064037","1700064039","2","62.412900975"
"SOL","1700063831","1700063833","2","62.44309887"
"BTC","1700063133","1700063134","1","36283.693547005"
"ETH","1700063961","1700063963","2","2020.946239765"
"BTC","1700063568","1700063572","4","36314.75"
"SOL","1700064166","1700064169","3","62.865816632"
"BTC","1700064220","1700064221","1","36527.678147142"
"ETH","1700064227","1700064229","2","2022.196756345"
"SOL","1700064024","1700064024","0","62.39437113"
"ETH","1700063593","1700063600","7","2017.305"
"BTC","1700063098","1700063106","8","36269.114761542"
"ETH","1700062875","1700062879","4","2015.38125"
"SOL","1700063048","1700063051","3","62.69925"
"ETH","1700064051","1700064052","1","2020.805667095"
"BTC","1700064139","1700064140","1","36439.79885694"
"SOL","1700063551","1700063554","3","62.445666875"
"ETH","1700063651","1700063656","5","2016.752209245"
"BTC","1700064182","1700064183","1","36531.832666661"
"SOL","1700063052","1700063053","1","62.69691892"
"BTC","1700063657","1700063659","2","36303.755833333"
"ETH","1700063497","1700063499","2","2019.505314745"
"SOL","1700063156","1700063161","5","62.660585"
"BTC","1700063141","1700063145","4","36292.74547586"
"ETH","1700064051","1700064052","1","2020.805667095"
"SOL","1700064102","1700064106","4","62.60851156"
"ETH","1700063656","1700063659","3","2016.6175"
"ETH","1700064211","1700064216","5","2024.651767045"
"SOL","1700063701","1700063705","4","62.25932528"
"SOL","1700064158","1700064161","3","62.82073522"
"ETH","1700064216","1700064219","3","2023.799085435"
"SOL","1700063552","1700063554","2","62.44882882"
"ETH","1700062926","1700062928","2","2015.48893062"
"SOL","1700063027","1700063030","3","62.59835714"
"BTC","1700063652","1700063655","3","36305.954880156"
"ETH","1700063860","1700063863","3","2020.026249995"
"SOL","1700063992","1700063994","2","62.405"
"BTC","1700063114","1700063117","3","36282.636629686"
"BTC","1700063636","1700063640","4","36315.63595339"
"BTC","1700063706","1700063710","4","36336.005"
"SOL","1700063815","1700063818","3","62.41"
"SOL","1700063557","1700063561","4","62.42968"
"SOL","1700063705","1700063705","0","62.27182943"
"ETH","1700063324","1700063325","1","2016.83902686"
"SOL","1700064213","1700064216","3","63.095555784"
"ETH","1700062914","1700062921","7","2015.42625"
"ETH","1700062833","1700062837","4","2014.761114653"
"BTC","1700063079","1700063083","4","36273.64"
"ETH","1700063323","1700063325","2","2016.84402696"
"BTC","1700063377","1700063378","1","36358.37519903"
"ETH","1700064075","1700064077","2","2021.140393845"
"ETH","1700063229","1700063232","3","2016.010132673"
"BTC","1700063600","1700063601","1","36313.256506655"
"BTC","1700063244","1700063249","5","36322.2305"
"SOL","1700063384","1700063386","2","62.611169645"
"SOL","1700063507","1700063510","3","62.5963475"
"BTC","1700063084","1700063086","2","36270.025"
"SOL","1700062768","1700062773","5","62.91099293"
"SOL","1700062957","1700062958","1","62.81875"
"ETH","1700063102","1700063106","4","2014.70009"
"SOL","1700063244","1700063249","5","62.701150434"
"SOL","1700062878","1700062881","3","62.73218847"
"BTC","1700063565","1700063567","2","36312.72150527"
"ETH","1700063651","1700063656","5","2016.752209245"
"BTC","1700063825","1700063826","1","36399.17"
"ETH","1700064225","1700064249","24","2022.57375"
"ETH","1700063413","1700063419","6","2019.659266785"
"ETH","1700064225","1700064249","24","2022.57375"
"BTC","1700063204","1700063206","2","36307.325"
"ETH","1700063737","1700063742","5","2019.223486941"
"SOL","1700063179","1700063181","2","62.73751"
"SOL","1700063764","1700063768","4","62.36492928"
"BTC","1700063509","1700063512","3","36332.066283973"
"ETH","1700063496","1700063499","3","2019.40607679"
"ETH","1700064194","1700064200","6","2025.040833333"
"ETH","1700063194","1700063201","7","2016.3525"
"BTC","1700063500","1700063504","4","36348.02681996"
"BTC","1700063733","1700063738","5","36359.48"
"SOL","1700062737","1700062739","2","62.875069806"
"SOL","1700063817","1700063818","1","62.410147175"
"SOL","1700063482","1700063485","3","62.67839675"
"BTC","1700063827","1700063828","1","36398.76"
"BTC","1700063590","1700063591","1","36310.457687735"
"BTC","1700063647","1700063652","5","36310.34095339"
"BTC","1700064084","1700064087","3","36428.08284346"
"ETH","1700063713","1700063717","4","2018.285"
"BTC","1700063562","1700063565","3","36312.17551003"
"SOL","1700064153","1700064157","4","62.78952011"
"BTC","1700062974","1700062979","5","36301.999676835"
"SOL","1700063099","1700063106","7","62.6558056"
"BTC","1700063609","1700063615","6","36307.06547612"
"BTC","1700062748","1700062749","1","36269.60265106"
"SOL","1700062916","1700062917","1","62.75875"
"BTC","1700062922","1700062928","6","36295.598883975"
"ETH","1700063870","1700063872","2","2020.065"
"ETH","1700063207","1700063210","3","2016.33475"
"SOL","1700064123","1700064128","5","62.66357388"
"SOL","1700064215","1700064219","4","63.033712065"
"SOL","1700062797","1700062798","1","62.91166783"
"BTC","1700063878","1700063882","4","36371.095894635"
"SOL","1700062796","1700062797","1","62.91403968"
"ETH","1700063234","1700063235","1","2015.970433485"
"BTC","1700063807","1700063810","3","36389.481516073"
"SOL","1700063810","1700063814","4","62.403154813"
"BTC","1700063823","1700063826","3","36397.064083848"
"SOL","1700063573","1700063575","2","62.3412875"
"SOL","1700062866","1700062869","3","62.715059245"
"ETH","1700062887","1700062889","2","2014.89431702"
"SOL","1700064182","1700064187","5","62.934520675"
"SOL","1700064220","1700064221","1","63.0097725"
"ETH","1700062940","1700062944","4","2016.512184855"
"ETH","1700063056","1700063061","5","2014.795"
"BTC","1700063124","1700063128","4","36283.02959401"
"BTC","1700062737","1700062739","2","36268.110647805"
"SOL","1700062911","1700062913","2","62.742857137"
"SOL","1700063500","1700063502","2","62.649583328"
"ETH","1700062968","1700062972","4","2016.4025"
"BTC","1700063356","1700063359","3","36344.51"
"SOL","1700063267","1700063274","7","62.67161925"
"BTC","1700063469","1700063470","1","36346.215277777"
"ETH","1700063617","1700063621","4","2016.57154791"
"SOL","1700063760","1700063761","1","62.359212165"
"ETH","1700063999","1700064003","4","2021.778446035"
"ETH","1700063352","1700063356","4","2017.09574"
"BTC","1700063907","1700063909","2","36375.904"
"ETH","1700062836","1700062837","1","2014.84"
"SOL","1700063642","1700063646","4","62.258163165"
"SOL","1700063312","1700063314","2","62.595032"
"ETH","1700063701","1700063702","1","2017.685"
"BTC","1700063793","1700063798","5","36374.521445785"
"BTC","1700063007","1700063009","2","36285.367716338"
"ETH","1700063582","1700063586","4","2017.356038215"
"SOL","1700063160","1700063163","3","62.6635"
"BTC","1700062781","1700062782","1","36269.59131881"
"SOL","1700062930","1700062935","5","62.843563975"
"SOL","1700062995","1700062997","2","62.72154162"
"BTC","1700063453","1700063454","1","36347.03577311"
"SOL","1700063431","1700063435","4","62.645967455"
"BTC","1700062852","1700062853","1","36282.425"
"SOL","1700063520","1700063521","1","62.53455706"
"BTC","1700063787","1700063791","4","36376.250171185"
"BTC","1700064049","1700064052","3","36416.783636363"
"BTC","1700064073","1700064078","5","36440.061428571"
"ETH","1700064182","1700064183","1","2023.7"
"SOL","1700063401","1700063403","2","62.63833471"
"SOL","1700062905","1700062909","4","62.75"
"BTC","1700063142","1700063145","3","36291.64727919"
"ETH","1700063431","1700063435","4","2019.64"
"SOL","1700063614","1700063618","4","62.152010255"
"BTC","1700063289","1700063296","7","36324.48009812"
"SOL","1700063680","1700063681","1","62.25594164"
"BTC","1700064045","1700064046","1","36398.6675"
"ETH","1700063536","1700063538","2","2017.94912618"
"SOL","1700064042","1700064046","4","62.396417605"
"BTC","1700062791","1700062794","3","36291.384271085"
"SOL","1700063342","1700063344","2","62.615"
"ETH","1700063270","1700063278","8","2016.81"
"ETH","1700062903","1700062906","3","2015.30667346"
"BTC","1700063304","1700063306","2","36325.722950655"
"ETH","1700063413","1700063418","5","2019.659266785"
"ETH","1700063407","1700063411","4","2019.2"
"SOL","1700063608","1700063609","1","62.221730352"
"BTC","1700062811","1700062812","1","36288.304318181"
"BTC","1700063012","1700063017","5","36274.2265625"
"ETH","1700063106","1700063107","1","2015.15750429"
"BTC","1700063838","1700063841","3","36384.254754481"
"ETH","1700063264","1700063266","2","2016.7899326"
"ETH","1700063640","1700063642","2","2017.28875"
"SOL","1700064136","1700064139","3","62.692"
"SOL","1700064156","1700064157","1","62.839662895"
"BTC","1700063252","1700063253","1","36325.9225"
"SOL","1700064032","1700064035","3","62.37"
"BTC","1700063834","1700063835","1","36393.24647877"
"SOL","1700063841","1700063845","4","62.37334986"
"BTC","1700063052","1700063053","1","36271.990058525"
"ETH","1700063468","1700063471","3","2019.127601555"
"ETH","1700064128","1700064129","1","2020.751474455"
"BTC","1700062958","1700062963","5","36304.832083333"
"SOL","1700063451","1700063453","2","62.6236025"
"ETH","1700063390","1700063395","5","2018.08500687"
"SOL","1700063609","1700063614","5","62.21664812"
"BTC","1700063476","1700063480","4","36337.9982631"
"BTC","1700062929","1700062935","6","36306.994375"
"BTC","1700062997","1700063003","6","36296.10848102"
"ETH","1700063805","1700063810","5","2020.32772715"
"SOL","1700062996","1700062999","3","62.71295083"
"SOL","1700063351","1700063356","5","62.606809521"
"BTC","1700064123","1700064128","5","36439.17"
"BTC","1700062784","1700062789","5","36270.42"
"SOL","1700062840","1700062845","5","62.80837916"
"SOL","1700062825","1700062827","2","62.91097619"
"BTC","1700063513","1700063517","4","36329.474583333"
"SOL","1700064166","1700064169","3","62.865816632"
"SOL","1700062851","1700062853","2","62.804603851"
"SOL","1700063016","1700063017","1","62.61454917"
"ETH","1700062838","1700062840","2","2014.84163935"
"BTC","1700062758","1700062761","3","36271.27969717"
"ETH","1700063435","1700063439","4","2019.891119385"
"SOL","1700062947","1700062949","2","62.79248495"
"SOL","1700063166","1700063168","2","62.68408725"
"BTC","1700063492","1700063496","4","36342.218419578"
"SOL","1700063807","1700063810","3","62.418993985"
"BTC","1700062963","1700062967","4","36303.606785714"
"SOL","1700063910","1700063913","3","62.40800959"
"BTC","1700064040","1700064041","1","36398.41499999"
"ETH","1700062816","1700062819","3","2015.255"
"BTC","1700062764","1700062770","6","36269.985"
"SOL","1700062783","1700062785","2","62.90199964"
"SOL","1700062875","1700062881","6","62.7165899"
"SOL","1700063117","1700063118","1","62.672606361"
"ETH","1700063894","1700063895","1","2020.158822865"
"ETH","1700064168","1700064169","1","2022.38204355"
"SOL","1700064111","1700064112","1","62.676022438"
"SOL","1700063962","1700063966","4","62.44909687"
"BTC","1700063153","1700063154","1","36292.303125"
"SOL","1700063443","1700063444","1","62.62342232"
"SOL","1700063022","1700063024","2","62.583779455"
"SOL","1700063443","1700063444","1","62.62342232"
"ETH","1700062860","1700062861","1","2015.183347215"
"SOL","1700063718","1700063720","2","62.271481725"
"BTC","1700063434","1700063435","1","36361.11572885"
"ETH","1700063909","1700063913","4","2020.345577185"
"SOL","1700063647","1700063650","3","62.25199097"
"ETH","1700063920","1700063921","1","2020.890833333"
"SOL","1700063276","1700063283","7","62.651568605"
"ETH","1700063283","1700063285","2","2016.8975"
"SOL","1700062931","1700062935","4","62.855833333"
"SOL","1700062951","1700062953","2","62.832185"
"ETH","1700063273","1700063277","4","2016.78125"
"BTC","1700062954","1700062958","4","36306.0475"
"BTC","1700064097","1700064098","1","36435.824061235"
"BTC","1700063754","1700063756","2","36364.04035921"
"ETH","1700064092","1700064097","5","2020.598805305"
"BTC","1700063277","1700063283","6","36322.25"
"ETH","1700064083","1700064087","4","2020.65"
"BTC","1700063681","1700063681","0","36317.372068965"
"BTC","1700064193","1700064197","4","36557.375437772"
"SOL","1700063311","1700063314","3","62.59607994"
"SOL","1700064198","1700064200","2","63.12733249"
"ETH","1700063523","1700063524","1","2017.9425"
"BTC","1700062974","1700062979","5","36301.999676835"
"BTC","1700063435","1700063439","4","36361.83377217"
"SOL","1700063118","1700063120","2","62.67073573"
"BTC","1700063315","1700063317","2","36323.007438675"
"ETH","1700063369","1700063372","3","2017.213901965"
"BTC","1700063359","1700063364","5","36346.32051333"
"SOL","1700063684","1700063687","3","62.3"
"ETH","1700064182","1700064183","1","2023.7"
"ETH","1700062966","1700062970","4","2016.352928485"
"ETH","1700063003","1700063008","5","2015.86"
"BTC","1700064112","1700064114","2","36439.638928571"
"BTC","1700064199","1700064200","1","36555.561962102"
"SOL","1700063172","1700063173","1","62.754167879"
"BTC","1700063807","1700063810","3","36389.481516073"
"BTC","1700063422","1700063424","2","36364.679152275"
"ETH","1700063553","1700063555","2","2017.83008304"
"BTC","1700063848","1700063853","5","36386.897004056"
"ETH","1700063744","1700063753","9","2019.74625"
"BTC","1700063519","1700063521","2","36323.127114995"
"BTC","1700063909","1700063913","4","36377.430461385"
"BTC","1700063858","1700063859","1","36375.695"
"ETH","1700062823","1700062824","1","2015.172327586"
"ETH","1700062768","1700062773","5","2014.783652635"
"BTC","1700063422","1700063423","1","36364.679152275"
"SOL","1700062863","1700062869","6","62.727460895"
"SOL","1700063662","1700063665","3","62.20071002"
"SOL","1700063982","1700063984","2","62.422147765"
"ETH","1700064139","1700064140","1","2020.798280065"
"BTC","1700063900","1700063905","5","36379.943499995"
"ETH","1700063338","1700063344","6","2017.237675785"
"SOL","1700064154","1700064157","3","62.793645185"
"BTC","1700063862","1700063866","4","36374.22108073"
"ETH","1700064182","1700064183","1","2023.7"
"SOL","1700064200","1700064201","1","63.17293847"
"SOL","1700063750","1700063753","3","62.38930348"
"BTC","1700063583","1700063586","3","36313.41"
"BTC","1700063359","1700063364","5","36346.32051333"
"SOL","1700063178","1700063181","3","62.744491275"
"BTC","1700063928","1700063930","2","36382.791666666"
"BTC","1700063361","1700063365","4","36346.655255"
"BTC","1700063622","1700063628","6","36297.42329723"
"ETH","1700063126","1700063129","3","2015.26767367"
"ETH","1700063000","1700063002","2","2015.80027"
"BTC","1700063136","1700063138","2","36289.1487"
"SOL","1700064106","1700064111","5","62.61572199"
"BTC","1700063031","1700063033","2","36269.894444444"
"ETH","1700064199","1700064200","1","2024.653318365"
"ETH","1700063989","1700063993","4","2021.17657106"
"BTC","1700062892","1700062898","6","36287.794457465"
"BTC","1700063331","1700063332","1","36323"
"BTC","1700063928","1700063930","2","36382.791666666"
"BTC","1700063196","1700063200","4","36305.22999999"
"ETH","1700063876","1700063877","1","2020.002108405"
"ETH","1700062923","1700062928","5","2015.4875"
"BTC","1700063036","1700063037","1","36270.38785402"
"ETH","1700063864","1700063867","3","2019.919295232"
"ETH","1700062958","1700062963","5","2016.3775"
"ETH","1700063775","1700063778","3","2019.915"
"BTC","1700064197","1700064199","2","36556.410663875"
"SOL","1700063576","1700063579","3","62.3430673"
"ETH","1700063532","1700063535","3","2017.920714285"
"ETH","1700062832","1700062834","2","2014.76292572"
"SOL","1700063027","1700063030","3","62.59835714"
"ETH","1700063553","1700063555","2","2017.83008304"
"ETH","1700062811","1700062812","1","2015.321666666"
"ETH","1700062755","1700062756","1","2014.7275"
"SOL","1700063417","1700063418","1","62.71026"
"BTC","1700063388","1700063389","1","36366.26"
"SOL","1700063102","1700063104","2","62.68450679"
"ETH","1700063267","1700063275","8","2016.802199365"
"ETH","1700063325","1700063330","5","2016.763263455"
"ETH","1700062899","1700062902","3","2015.225"
"ETH","1700062957","1700062958","1","2016.314"
"SOL","1700063731","1700063734","3","62.30123676"
"BTC","1700063649","1700063650","1","36308.666"
"ETH","1700063921","1700063926","5","2020.75153805"
"SOL","1700062920","1700062922","2","62.765125"
"ETH","1700063374","1700063378","4","2017.64998147"
"ETH","1700063465","1700063469","4","2019.46540793"
"ETH","1700063785","1700063787","2","2019.59625"
"SOL","1700062747","1700062751","4","62.91725044"
"BTC","1700063117","1700063119","2","36284.460246425"
"ETH","1700063404","1700063405","1","2018.86886443"
"ETH","1700063800","1700063801","1","2020.142106215"
"BTC","1700063974","1700063978","4","36393.8906428"
"ETH","1700062888","1700062891","3","2014.852722995"
"SOL","1700062879","1700062881","2","62.7425"
"BTC","1700063694","1700063697","3","36335.773637555"
"SOL","1700064221","1700064224","3","62.99527542"
"BTC","1700063859","1700063862","3","36374.84375"
"SOL","1700064149","1700064151","2","62.754249995"
"ETH","1700063091","1700063097","6","2014.55909459"
"ETH","1700063887","1700063889","2","2019.92459473"
"ETH","1700063051","1700063052","1","2014.672827228"
"SOL","1700063772","1700063774","2","62.428710925"
"ETH","1700064207","1700064209","2","2025.111970108"
"SOL","1700063641","1700063643","2","62.2658693"
"BTC","1700063093","1700063097","4","36266.558571565"
"BTC","1700062830","1700062834","4","36274.49216166"
"BTC","1700062888","1700062891","3","36286.710778707"
"BTC","1700063618","1700063621","3","36303.24235888"
"SOL","1700064226","1700064228","2","62.885887254"
"ETH","1700062891","1700062898","7","2014.84414301"
"SOL","1700063502","1700063504","2","62.64311285"
"SOL","1700064014","1700064021","7","62.495"
"BTC","1700064109","1700064112","3","36430.34483795"
"BTC","1700063655","1700063659","4","36305.348333333"
"ETH","1700063875","1700063876","1","2019.95921681"
"BTC","1700064214","1700064216","2","36545.774736842"
"BTC","1700063479","1700063483","4","36346.67922405"
"SOL","1700063529","1700063530","1","62.50930641"
"SOL","1700064105","1700064111","6","62.618224138"
"BTC","1700063358","1700063363","5","36345.148571428"
"BTC","1700062825","1700062828","3","36276.701500745"
"ETH","1700063616","1700063618","2","2016.64996586"
"ETH","1700063823","1700063826","3","2020.3713325"
"BTC","1700063263","1700063264","1","36321.885"
"SOL","1700064096","1700064097","1","62.606810915"
"BTC","1700063034","1700063036","2","36269.28375"
"ETH","1700063550","1700063554","4","2018.06999999"
"BTC","1700062881","1700062881","0","36294.453298078"
"BTC","1700063369","1700063374","5","36348.592004933"
"BTC","1700063568","1700063569","1","36314.75"
"SOL","1700063245","1700063249","4","62.68596649"
"SOL","1700063000","1700063004","4","62.71354047"
"SOL","1700063937","1700063939","2","62.46827559"
"ETH","1700064182","1700064183","1","2023.7"
"SOL","1700063748","1700063753","5","62.3975"
"ETH","1700063671","1700063673","2","2016.94125"
"BTC","1700064152","1700064153","1","36445.1525"
"SOL","1700064189","1700064192","3","62.99949881"
"SOL","1700063218","1700063222","4","62.62455703"
"BTC","1700063015","1700063017","2","36272.88946966"
"BTC","1700063724","1700063726","2","36357.491147193"
"BTC","1700063609","1700063615","6","36307.06547612"
"ETH","1700062838","1700062840","2","2014.84163935"
"ETH","1700063759","1700063761","2","2019.84991055"
"BTC","1700064060","1700064065","5","36430.800277777"
"SOL","1700062922","1700062925","3","62.76448376"
"SOL","1700063448","1700063451","3","62.6258827"
"SOL","1700063869","1700063871","2","62.383405345"
"BTC","1700064092","1700064097","5","36435.43432742"
"SOL","1700063542","1700063543","1","62.475"
"BTC","1700064167","1700064170","3","36498.151819473"
"BTC","1700063834","1700063836","2","36393.51138602"
"BTC","1700063251","1700063253","2","36325.584166666"
"ETH","1700062915","1700062917","2","2015.477815"
"BTC","1700062941","1700062945","4","36306.8542"
"ETH","1700063196","1700063198","2","2016.43"
"BTC","1700063935","1700063936","1","36392.791403445"
"ETH","1700063445","1700063451","6","2019.656958005"
"SOL","1700064149","1700064151","2","62.754249995"
"BTC","1700063744","1700063753","9","36368.39803505"
"SOL","1700063435","1700063439","4","62.64913729"
"ETH","1700063117","1700063119","2","2015.3110498"
"SOL","1700064206","1700064207","1","63.20936852"
"BTC","1700063062","1700063063","1","36278.896016133"
"SOL","1700063717","1700063719","2","62.268283805"
"SOL","1700063928","1700063930","2","62.41"
"SOL","1700063108","1700063115","7","62.685"
"ETH","1700063293","1700063296","3","2016.888394375"
"BTC","1700064228","1700064230","2","36508.23016636"
"ETH","1700063770","1700063774","4","2019.97816461"
"ETH","1700062754","1700062755","1","2014.723333333"
"SOL","1700063846","1700063851","5","62.411518375"
"SOL","1700064042","1700064046","4","62.396417605"
"BTC","1700063021","1700063024","3","36268.3875"
"BTC","1700062924","1700062928","4","36296.686866956"
"SOL","1700064004","1700064006","2","62.452400355"
"SOL","1700063169","1700063170","1","62.70900518"
"ETH","1700063121","1700063122","1","2015.34609842"
"BTC","1700063499","1700063501","2","36347"
"SOL","1700063351","1700063356","5","62.606809521"
"ETH","1700063219","1700063223","4","2016.2275"
"BTC","1700063496","1700063499","3","36351.2825"
"BTC","1700064193","1700064198","5","36557.375437772"
"SOL","1700063402","1700063403","1","62.63580359"
"ETH","1700063432","1700063435","3","2019.63059743"
"SOL","1700063239","1700063240","1","62.7091387"
"BTC","1700063941","1700063942","1","36397.698787765"
"SOL","1700063352","1700063356","4","62.60434269"
"ETH","1700063672","1700063673","1","2016.95940836"
"ETH","1700063753","1700063755","2","2019.70188136"
"ETH","1700064044","1700064047","3","2020.91045623"
"BTC","1700063253","1700063254","1","36325.921372596"
"ETH","1700063399","1700063403","4","2018.73470608"
"SOL","1700063043","1700063047","4","62.65916364"
"ETH","1700064157","1700064158","1","2021.754916985"
"ETH","1700063989","1700063993","4","2021.17657106"
"ETH","1700064184","1700064186","2","2023.97165482"
"SOL","1700064017","1700064018","1","62.49047463"
"ETH","1700064158","1700064161","3","2021.8173736"
"SOL","1700064219","1700064220","1","62.99983277"
"SOL","1700064200","1700064201","1","63.17293847"
"SOL","1700063193","1700063195","2","62.680001405"
"BTC","1700063737","1700063738","1","36359.883"
"ETH","1700064075","1700064076","1","2021.172091145"
"ETH","1700063008","1700063015","7","2015.45352549"
"ETH","1700063985","1700063989","4","2021.04710112"
"ETH","1700063935","1700063937","2","2020.825"
"BTC","1700063342","1700063344","2","36344.066347525"
"SOL","1700063378","1700063379","1","62.62925835"
"SOL","1700063899","1700063900","1","62.39746031"
"ETH","1700064004","1700064006","2","2021.885"
"ETH","1700063518","1700063519","1","2018.027729955"
"ETH","1700063079","1700063082","3","2014.892871435"
"SOL","1700063927","1700063930","3","62.4153525"
"BTC","1700063043","1700063049","6","36266.574859705"
"ETH","1700063822","1700063825","3","2020.367515"
"ETH","1700063996","1700063998","2","2021.753469803"
"BTC","1700063089","1700063097","8","36268.0075"
"SOL","1700062884","1700062887","3","62.750592905"
"ETH","1700063703","1700063705","2","2017.75080704"
"BTC","1700064012","1700064014","2","36409.540332163"
"ETH","1700063774","1700063775","1","2019.917515"
"BTC","1700063449","1700063451","2","36345.377365505"
"BTC","1700064201","1700064202","1","36563.250625005"
"BTC","1700063640","1700063642","2","36316.23"
"ETH","1700062849","1700062853","4","2015.109935025"
"SOL","1700064227","1700064229","2","62.85756646"
"BTC","1700062845","1700062847","2","36271.7255388"
"SOL","1700063865","1700063867","2","62.373788085"
"BTC","1700064193","1700064198","5","36557.375437772"
"SOL","1700064228","1700064230","2","62.827053372"
"BTC","1700063812","1700063814","2","36384.28398393"
"SOL","1700063243","1700063244","1","62.68096649"
"BTC","1700063004","1700063006","2","36289.4"
"BTC","1700063462","1700063465","3","36356.848333333"
"SOL","1700063419","1700063422","3","62.7"
"ETH","1700063384","1700063387","3","2017.5604013"
"SOL","1700063338","1700063344","6","62.62253198"
"BTC","1700063331","1700063335","4","36323"
"ETH","1700063873","1700063877","4","2020.043779995"
"ETH","1700063772","1700063774","2","2019.91"
"BTC","1700063508","1700063510","2","36333.1125"
"ETH","1700063815","1700063816","1","2020.324058075"
"SOL","1700063151","1700063152","1","62.66832738"
"SOL","1700063618","1700063621","3","62.133835956"
"BTC","1700063343","1700063345","2","36344.365"
"SOL","1700063485","1700063488","3","62.618259955"
"SOL","1700063264","1700063266","2","62.67564417"
"BTC","1700062964","1700062966","2","36302.282692307"
"ETH","1700063700","1700063702","2","2017.67"
"BTC","1700063664","1700063668","4","36305.49775996"
"BTC","1700063134","1700063138","4","36285.78288911"
"BTC","1700063799","1700063801","2","36381.2385"
"SOL","1700063285","1700063293","8","62.634148885"
"ETH","1700063673","1700063676","3","2017.11444492"
"BTC","1700063581","1700063582","1","36315.3157215"
"ETH","1700063094","1700063099","5","2014.567916666"
"ETH","1700063842","1700063847","5","2020.01996842"
"BTC","1700062965","1700062966","1","36302.18"
"ETH","1700063060","1700063062","2","2014.97399137"
"SOL","1700063149","1700063151","2","62.662158335"
"BTC","1700063224","1700063225","1","36307.69001214"
"SOL","1700063793","1700063798","5","62.36323651"
"SOL","1700063806","1700063810","4","62.40663956"
"BTC","1700063331","1700063333","2","36323"
"ETH","1700063442","1700063443","1","2019.629"
"BTC","1700063465","1700063467","2","36349.095833333"
"ETH","1700063113","1700063117","4","2015.245"
"ETH","1700064227","1700064229","2","2022.196756345"
"ETH","1700062846","1700062847","1","2014.756256685"
"BTC","1700063863","1700063867","4","36367.5"
"ETH","1700063675","1700063680","5","2017.113392857"
"BTC","1700063305","1700063306","1","36325.88858653"
"ETH","1700063950","1700063952","2","2021.1411852"
"BTC","1700063083","1700063084","1","36270.435"
"BTC","1700063493","1700063495","2","36339.42663843"
"SOL","1700063067","1700063072","5","62.67356969"
"SOL","1700063827","1700063828","1","62.432044588"
"SOL","1700063164","1700063168","4","62.6680823"
"SOL","1700064021","1700064021","0","62.43"
"BTC","1700063744","1700063750","6","36368.39803505"
"SOL","1700063277","1700063283","6","62.652179295"
"ETH","1700063037","1700063041","4","2014.342425125"
"SOL","1700063981","1700063987","6","62.42764046"
"BTC","1700063712","1700063717","5","36352.6150475"
"BTC","1700063157","1700063158","1","36292.383288325"
"BTC","1700063664","1700063668","4","36305.49775996"
"BTC","1700064168","1700064169","1","36498.15848614"
"SOL","1700064202","1700064203","1","63.182003275"
"ETH","1700063006","1700063009","3","2015.396168745"
"BTC","1700062628","1700062630","2","36250.51661985"
"BTC","1700062825","1700062827","2","36276.701500745"
"SOL","1700063308","1700063309","1","62.61453106"
"SOL","1700063325","1700063330","5","62.610956945"
"BTC","1700063618","1700063621","3","36303.57420459"
"BTC","1700064052","1700064053","1","36416.568333333"
"SOL","1700063557","1700063562","5","62.42968"
"BTC","1700063548","1700063550","2","36323.045294425"
"ETH","1700062766","1700062773","7","2014.785319301"
"SOL","1700062805","1700062806","1","62.947415715"
"SOL","1700062832","1700062834","2","62.876617647"
"BTC","1700063128","1700063130","2","36281.845636625"
"BTC","1700063010","1700063015","5","36279.293649678"
"BTC","1700063438","1700063439","1","36360.579245159"
"SOL","1700063467","1700063470","3","62.71554292"
"BTC","1700063412","1700063419","7","36376.88338774"
"SOL","1700063253","1700063254","1","62.6758209"
"SOL","1700063585","1700063586","1","62.34568958"
"SOL","1700062974","1700062980","6","62.741274833"
"SOL","1700064102","1700064106","4","62.60851156"
"SOL","1700063408","1700063412","4","62.68091816"