market,openTimestamp,closeTimestamp,latency,price
"ETH","1700068053","1700068055","2","2009.574661469"
"ETH","1700065308","1700065311","3","2013.93129529"
"SOL","1700065291","1700065293","2","61.764263787"
"SOL","1700065343","1700065345","2","61.67516463"
"BTC","1700065258","1700065259","1","36351.307490216"
"SOL","1700065456","1700065497","41","61.87568176"
"ETH","1700065363","1700065366","3","2014.91260584"
"ETH","1700065353","1700065359","6","2014.33601317"
"BTC","1700065442","1700065447","5","36362.716513084"
"ETH","1700068082","1700068084","2","2007.47"
"SOL","1700065255","1700065258","3","61.72375"
"ETH","1700067206","1700067208","2","2013.412207785"
"BTC","1700065454","1700065456","2","36363.927391132"
"ETH","1700065321","1700065326","5","2012.75975"
"SOL","1700068052","1700068055","3","61.58"
"ETH","1700065282","1700065285","3","2016.1"
"BTC","1700065271","1700065273","2","36361.3775"
"BTC","1700065441","1700065443","2","36363.31472737"
"SOL","1700065473","1700065478","5","61.90040476"
"BTC","1700067185","1700067186","1","36398.23603092"
"SOL","1700067185","1700067186","1","61.895540895"
"BTC","1700065449","1700065454","5","36364.48764199"
"BTC","1700065271","1700065273","2","36361.3775"
"SOL","1700065301","1700065306","5","61.704843465"
"BTC","1700067191","1700067192","1","36389.99429594"
"SOL","1700065255","1700065258","3","61.72375"
"ETH","1700067189","1700067192","3","2014.820574175"
"ETH","1700065311","1700065315","4","2013.574671585"
"BTC","1700065476","1700065478","2","36363.845603243"
"ETH","1700066174","1700066182","8","2012.8"
"SOL","1700068138","1700068139","1","61.01828173"
"SOL","1700065477","1700065480","3","61.89189619"
"BTC","1700065296","1700065300","4","36347.751655205"
"BTC","1700067211","1700067215","4","36359.350882916"
"ETH","1700068038","1700068041","3","2010.90897791"
"ETH","1700066182","1700066185","3","2013.396509505"
"SOL","1700065305","1700065311","6","61.678301745"
"BTC","1700065465","1700065466","1","36365.599460805"
"BTC","1700065465","1700065467","2","36365.599460805"
"ETH","1700065304","1700065308","4","2014.31039"
"ETH","1700065445","1700065448","3","2015.214968565"
"SOL","1700067193","1700067195","2","61.85256619"
"SOL","1700068063","1700068063","0","61.510105339"
"BTC","1700068032","1700068035","3","36361.264692185"
"BTC","1700065398","1700065399","1","36359.244698088"
"SOL","1700065433","1700065434","1","61.83171056"
"ETH","1700068054","1700068058","4","2009.316192733"
"SOL","1700068059","1700068060","1","61.519536685"
"BTC","1700068033","1700068034","1","36361.215"
"SOL","1700068076","1700068080","4","61.1525"
"ETH","1700068138","1700068138","0","2007.0572245"
"ETH","1700068072","1700068076","4","2007.69"
"ETH","1700065425","1700065426","1","2015.193352675"
"ETH","1700065334","1700065336","2","2013.183333333"
"SOL","1700065432","1700065434","2","61.83"
"BTC","1700067196","1700067198","2","36361.852745195"
"BTC","1700067221","1700067224","3","36357.01180159"
"ETH","1700065439","1700065442","3","2015.1"
"BTC","1700065413","1700065414","1","36353.1198227"
"SOL","1700067193","1700067195","2","61.83565"
"ETH","1700065408","1700065413","5","2014.939155795"
"SOL","1700065322","1700065326","4","61.568711905"
"SOL","1700068047","1700068048","1","61.5691155"
"BTC","1700066182","1700066185","3","36370.85"
"BTC","1700068140","1700068142","2","36295.1259848"
"BTC","1700065430","1700065431","1","36360.23488484"
"BTC","1700065365","1700065366","1","36357.13360238"
"ETH","1700068049","1700068054","5","2009.7825"
"BTC","1700065446","1700065497","51","36363.22448557"
"BTC","1700065374","1700065377","3","36359.51246898"
"SOL","1700068048","1700068054","6","61.57113768"
"SOL","1700065372","1700065374","2","61.7714646"
"SOL","1700068138","1700068139","1","61.01828173"
"ETH","1700065449","1700065454","5","2015.5008935"
"SOL","1700065305","1700065311","6","61.678301745"
"ETH","1700065381","1700065384","3","2015.53106189"
"BTC","1700068026","1700068028","2","36362.467297745"
"SOL","1700068197","1700068198","1","61.19564187"
"BTC","1700068138","1700068140","2","36304.408322445"
"BTC","1700068182","1700068184","2","36293.42"
"BTC","1700065368","1700065370","2","36358.519194005"
"ETH","1700065371","1700065372","1","2015.36"
"ETH","1700065249","1700065251","2","2015.65548512"
"BTC","1700068191","1700068192","1","36300.7185962"
"ETH","1700067185","1700067186","1","2014.78430708"
"SOL","1700065368","1700065370","2","61.76843418"
"SOL","1700066185","1700066186","1","62.1425"
"BTC","1700065339","1700065340","1","36330.93687993"
"BTC","1700065387","1700065390","3","36357.77595"
"BTC","1700068138","1700068139","1","36304.408322445"
"SOL","1700065349","1700065353","4","61.695"
"BTC","1700065468","1700065470","2","36364.901379643"
"ETH","1700065259","1700065264","5","2015.687051067"
"SOL","1700065454","1700065456","2","61.870646705"
"BTC","1700067200","1700067201","1","36360.14907844"
"SOL","1700068032","1700068034","2","61.60362588"
"BTC","1700068025","1700068026","1","36360.433374513"
"SOL","1700068038","1700068042","4","61.6171203"
"SOL","1700068051","1700068054","3","61.57966625"
"SOL","1700068027","1700068028","1","61.59688504"
"ETH","1700065384","1700065386","2","2015.56788664"
"BTC","1700065386","1700065392","6","36356.690178571"
"BTC","1700068044","1700068045","1","36354.78679985"
"SOL","1700065422","1700065425","3","61.78"
"SOL","1700065389","1700065392","3","61.755875"
"ETH","1700065448","1700065454","6","2015.19615101"
"SOL","1700068074","1700068077","3","61.139829161"
"SOL","1700068074","1700068076","2","61.139829161"
"BTC","1700065257","1700065259","2","36351.392836693"
"SOL","1700065468","1700065470","2","61.91228172"
"SOL","1700066173","1700066180","7","62.06334355"
"ETH","1700065488","1700065558","70","2015.397663695"
"SOL","1700065350","1700065353","3","61.693611111"
"SOL","1700065249","1700065251","2","61.74226202"
"ETH","1700067191","1700067192","1","2014.58375"
"SOL","1700068039","1700068041","2","61.61779747"
"SOL","1700065360","1700065362","2","61.70990288"
"ETH","1700065396","1700065400","4","2015.214115074"
"BTC","1700065309","1700065311","2","36325.85218493"
"ETH","1700065309","1700065311","2","2013.837075295"
"BTC","1700068027","1700068028","1","36362.225873525"
"ETH","1700065248","1700065251","3","2015.715886205"
"BTC","1700065303","1700065308","5","36332.84305281"
"ETH","1700065393","1700065399","6","2015.373355465"
"BTC","1700065256","1700065258","2","36351.187352145"
"BTC","1700065327","1700065336","9","36296.294339371"
"BTC","1700065382","1700065385","3","36363.75995451"
"BTC","1700065335","1700065337","2","36315.705930401"
"SOL","1700067209","1700067252","43","61.72062675"
"BTC","1700065382","1700065383","1","36363.75995451"
"ETH","1700065354","1700065356","2","2014.40875"
"BTC","1700065307","1700065311","4","36329.47325065"
"BTC","1700065353","1700065359","6","36336.505625"
"ETH","1700065419","1700065420","1","2014.84243372"
"SOL","1700065414","1700065414","0","61.77241534"
"ETH","1700066186","1700066188","2","2013.801148805"
"ETH","1700065356","1700065362","6","2014.39627121"
"ETH","1700067191","1700067192","1","2014.58375"
"SOL","1700065382","1700065384","2","61.80323275"
"BTC","1700065383","1700065385","2","36362.4075"
"BTC","1700065306","1700065311","5","36329.773584585"
"BTC","1700065464","1700065497","33","36365.649951187"
"SOL","1700065338","1700065339","1","61.641802826"
"BTC","1700068067","1700068069","2","36346.12308273"
"SOL","1700067218","1700067221","3","61.69583229"
"SOL","1700065324","1700065326","2","61.573102495"
"BTC","1700067185","1700067186","1","36398.23603092"
"BTC","1700065488","1700065558","70","36373.07230373"
"SOL","1700068074","1700068076","2","61.139829161"
"SOL","1700065367","1700065368","1","61.76569484"
"SOL","1700065370","1700065370","0","61.76636661"
"SOL","1700068177","1700068180","3","61.15965547"
"BTC","1700065416","1700065420","4","36355.736088145"
"ETH","1700068044","1700068045","1","2010.4620144"
"SOL","1700068034","1700068035","1","61.59712936"
"BTC","1700068031","1700068035","4","36361.37291433"
"SOL","1700068065","1700068066","1","61.464318235"
"BTC","1700065398","1700065399","1","36359.244698088"
"ETH","1700065273","1700065274","1","2016.2625"
"SOL","1700065478","1700065497","19","61.8925"
"BTC","1700065419","1700065422","3","36357.029620495"
"BTC","1700067194","1700067251","57","36373.604464285"
"SOL","1700065454","1700065456","2","61.870646705"
"BTC","1700065345","1700065347","2","36339.60547708"
"SOL","1700065351","1700065353","2","61.67575"
"SOL","1700065405","1700065406","1","61.782352105"
"ETH","1700065389","1700065392","3","2015.19547269"
"ETH","1700065347","1700065349","2","2014.285"
"BTC","1700068020","1700068022","2","36360.824949065"
"ETH","1700065264","1700065270","6","2016.0469041"
"ETH","1700068069","1700068074","5","2008.15463121"
"SOL","1700065440","1700065497","57","61.84774588"
"ETH","1700065394","1700065399","5","2015.35766987"
"ETH","1700065435","1700065497","62","2015.127473261"
"SOL","1700065467","1700065469","2","61.92167504"
"BTC","1700068198","1700068203","5","36309.0899095"
"BTC","1700068195","1700068198","3","36305.86224991"
"ETH","1700065322","1700065329","7","2012.42875"
"ETH","1700068020","1700068022","2","2010.71"
"SOL","1700068060","1700068063","3","61.522606435"
"BTC","1700068080","1700068083","3","36332.345766286"
"SOL","1700068037","1700068041","4","61.61556993"
"SOL","1700065325","1700065334","9","61.57227128"
"SOL","1700067206","1700067208","2","61.729028355"
"BTC","1700065264","1700065270","6","36356.573965005"
"SOL","1700065342","1700065345","3","61.67572454"
"ETH","1700067198","1700067200","2","2013.40726585"
"ETH","1700065460","1700065462","2","2015.36503"
"BTC","1700068082","1700068084","2","36333.143602485"
"ETH","1700065280","1700065285","5","2016.038411551"
"ETH","1700065465","1700065467","2","2015.300410379"
"BTC","1700068054","1700068059","5","36354.391517625"
"BTC","1700065438","1700065440","2","36361.812916555"
"BTC","1700065269","1700065270","1","36362.694411845"
"SOL","1700065264","1700065270","6","61.8219925"
"SOL","1700068066","1700068069","3","61.373794895"
"SOL","1700065371","1700065372","1","61.775238995"
"SOL","1700065406","1700065406","0","61.77763961"
"SOL","1700065448","1700065454","6","61.8384378"
"SOL","1700068061","1700068063","2","61.53521287"
"SOL","1700065424","1700065426","2","61.80619914"
"BTC","1700068195","1700068198","3","36305.86224991"
"ETH","1700065397","1700065399","2","2015.21224986"
"SOL","1700065477","1700065479","2","61.89189619"
"ETH","1700068032","1700068035","3","2010.695"
"BTC","1700065424","1700065426","2","36357.66249999"
"ETH","1700068054","1700068059","5","2009.213779228"
"ETH","1700068076","1700068080","4","2007.50365583"
"SOL","1700065434","1700065436","2","61.83087606"
"BTC","1700065466","1700065497","31","36365.24486823"
"ETH","1700065348","1700065349","1","2014.39375"
"ETH","1700067208","1700067211","3","2013.478125"
"ETH","1700068077","1700068080","3","2007.545623995"
"SOL","1700065400","1700065401","1","61.74520568"
"SOL","1700068177","1700068180","3","61.15965547"
"BTC","1700065375","1700065377","2","36358.54699269"
"SOL","1700065435","1700065497","62","61.83337606"
"BTC","1700068053","1700068054","1","36357.71625"
"ETH","1700065297","1700065299","2","2015.37166531"
"SOL","1700065415","1700065419","4","61.76660037"
"SOL","1700068058","1700068059","1","61.510106382"
"SOL","1700066175","1700066182","7","62.08019461"
"BTC","1700065305","1700065311","6","36330.29"
"BTC","1700065320","1700065321","1","36303.60825"
"BTC","1700065342","1700065345","3","36338.837564371"
"ETH","1700065276","1700065281","5","2016.1625"
"BTC","1700065312","1700065315","3","36312.476913718"
"BTC","1700065275","1700065278","3","36361.50818804"
"BTC","1700067204","1700067207","3","36360.296478928"
"BTC","1700065291","1700065293","2","36347.449898977"
"SOL","1700067216","1700067219","3","61.70732132"
"BTC","1700068179","1700068182","3","36297.232229432"
"SOL","1700068180","1700068181","1","61.1656225"
"ETH","1700065299","1700065300","1","2015.320787045"
"BTC","1700065311","1700065316","5","36314.66745173"
"BTC","1700065377","1700065378","1","36362.6271875"
"ETH","1700065462","1700065463","1","2015.472111892"
"SOL","1700067220","1700067222","2","61.681777315"
"SOL","1700068054","1700068059","5","61.555061"
"SOL","1700067220","1700067221","1","61.681777315"
"SOL","1700067185","1700067186","1","61.895540895"
"ETH","1700065254","1700065256","2","2015.66421449"
"SOL","1700068026","1700068028","2","61.587381875"
"BTC","1700065405","1700065406","1","36359.81162822"
"SOL","1700065375","1700065377","2","61.808"
"SOL","1700065282","1700065285","3","61.7650097"
"BTC","1700065294","1700065300","6","36347.490536813"
"BTC","1700065381","1700065385","4","36362.307622975"
"SOL","1700068203","1700068206","3","61.251073805"
"BTC","1700067215","1700067251","36","36359.28991859"
"BTC","1700065431","1700065432","1","36362.361666666"
"BTC","1700065291","1700065292","1","36347.449898977"
"BTC","1700065374","1700065377","3","36359.51246898"
"ETH","1700065375","1700065377","2","2015.43968844"
"BTC","1700065407","1700065408","1","36358.4468383"
"ETH","1700068177","1700068180","3","2005.356045835"
"BTC","1700065359","1700065362","3","36346.794767983"
"ETH","1700065447","1700065448","1","2015.29505138"
"SOL","1700065481","1700065483","2","61.89640723"
"SOL","1700065342","1700065345","3","61.67572454"
"SOL","1700067216","1700067219","3","61.70732132"
"ETH","1700068019","1700068022","3","2010.7275"
"ETH","1700065468","1700065470","2","2015.32567723"
"ETH","1700068203","1700068206","3","2006.65"
"SOL","1700068026","1700068028","2","61.587381875"
"SOL","1700065392","1700065395","3","61.77549206"
"SOL","1700065401","1700065405","4","61.745"
"SOL","1700065436","1700065437","1","61.83797392"
"SOL","1700065394","1700065399","5","61.77512237"
"BTC","1700065321","1700065326","5","36298.107134695"
"SOL","1700068076","1700068083","7","61.1525"
"ETH","1700065291","1700065293","2","2015.67904039"
"BTC","1700065473","1700065478","5","36365.6282843"
"ETH","1700065467","1700065469","2","2015.378880885"
"SOL","1700068204","1700068206","2","61.266760765"
"SOL","1700065263","1700065264","1","61.76746319"
"ETH","1700065410","1700065414","4","2014.944675355"
"SOL","1700065245","1700065245","0","61.76159582"
"BTC","1700065319","1700065320","1","36309.146276225"
"BTC","1700065291","1700065293","2","36347.449898977"
"BTC","1700065353","1700065359","6","36336.505625"
"SOL","1700065323","1700065326","3","61.5753125"
"BTC","1700065285","1700065286","1","36350.205615495"
"BTC","1700066174","1700066182","8","36358.979205736"
"SOL","1700068026","1700068028","2","61.587381875"
"ETH","1700067185","1700067186","1","2014.78430708"
"ETH","1700065324","1700065326","2","2012.50229523"
"ETH","1700065483","1700065497","14","2014.99545"
"ETH","1700065301","1700065308","7","2014.953737773"
"ETH","1700065425","1700065426","1","2015.193352675"
"ETH","1700065400","1700065403","3","2015.09833336"
"BTC","1700067190","1700067192","2","36395.13712191"
"BTC","1700067202","1700067250","48","36361.57243994"
"ETH","1700065439","1700065442","3","2015.1"
"ETH","1700065477","1700065479","2","2015.17"
"SOL","1700068041","1700068041","0","61.61"
"SOL","1700068080","1700068083","3","61.23875"
"SOL","1700065425","1700065426","1","61.79960227"
"BTC","1700068037","1700068041","4","36366.459100916"
"SOL","1700067190","1700067192","2","61.86142579"
"ETH","1700065346","1700065349","3","2014.27692599"
"BTC","1700065400","1700065402","2","36356.82012548"
"ETH","1700068079","1700068083","4","2007.451827915"
"ETH","1700067195","1700067197","2","2014.17053065"
"SOL","1700067210","1700067214","4","61.69894"
"ETH","1700065278","1700065285","7","2016.173333333"
"SOL","1700065470","1700065497","27","61.919055555"
"BTC","1700065339","1700065341","2","36330.93687993"
"ETH","1700068182","1700068184","2","2004.82349061"
"BTC","1700067215","1700067250","35","36359.28991859"
"BTC","1700065437","1700065440","3","36362.995054665"
"ETH","1700065282","1700065285","3","2016.1"
"BTC","1700065300","1700065310","10","36346.11675"
"SOL","1700065390","1700065392","2","61.776977158"
"ETH","1700065433","1700065434","1","2015.00587314"
"BTC","1700065485","1700065492","7","36371.570829026"
"BTC","1700067215","1700067252","37","36359.28991859"
"BTC","1700065295","1700065296","1","36347.145598788"
"ETH","1700065300","1700065308","8","2015.25968179"
"BTC","1700067211","1700067215","4","36359.350882916"
"ETH","1700065263","1700065264","1","2015.88236895"
"SOL","1700065438","1700065440","2","61.84"
"SOL","1700065431","1700065432","1","61.82438698"
"SOL","1700065245","1700065247","2","61.75817299"
"SOL","1700065286","1700065291","5","61.7700312"
"ETH","1700065341","1700065345","4","2014.120194801"
"SOL","1700065321","1700065323","2","61.578021215"
"SOL","1700068040","1700068041","1","61.62250339"
"SOL","1700065445","1700065448","3","61.840933145"
"ETH","1700065430","1700065431","1","2015.06959562"
"SOL","1700068200","1700068203","3","61.228625"
"ETH","1700065400","1700065404","4","2015.09833336"
"SOL","1700068034","1700068035","1","61.59712936"
"BTC","1700065465","1700065466","1","36365.599460805"
"BTC","1700065273","1700065274","1","36359.91098933"
"SOL","1700065347","1700065348","1","61.68645408"
"ETH","1700065362","1700065363","1","2014.9625"
"BTC","1700065455","1700065457","2","36364.00203399"
"BTC","1700065256","1700065258","2","36351.187352145"
"ETH","1700065328","1700065333","5","2012.8403"
"BTC","1700068142","1700068148","6","36296.796656976"
"ETH","1700065413","1700065415","2","2014.893069665"
"BTC","1700065350","1700065353","3","36338.777544205"
"SOL","1700067207","1700067210","3","61.75410675"
"BTC","1700068044","1700068045","1","36354.78679985"
"SOL","1700065368","1700065370","2","61.76843418"
"SOL","1700065384","1700065386","2","61.79162122"
"ETH","1700068065","1700068067","2","2008.739612305"
"ETH","1700065464","1700065497","33","2015.475"
"ETH","1700068049","1700068054","5","2009.7825"
"ETH","1700068057","1700068059","2","2008.9306858"
"BTC","1700065249","1700065251","2","36348.87775635"
"BTC","1700065379","1700065382","3","36362.495786275"
"BTC","1700065425","1700065426","1","36362.77699713"
"ETH","1700065289","1700065291","2","2015.61613015"
"SOL","1700068055","1700068058","3","61.56299423"
"SOL","1700068141","1700068146","5","61.04311232"
"ETH","1700068139","1700068141","2","2007.00139479"
"SOL","1700068043","1700068044","1","61.59588844"
"BTC","1700068038","1700068041","3","36367.28229135"
"SOL","1700065457","1700065458","1","61.884966333"
"SOL","1700068186","1700068190","4","61.137253705"
"SOL","1700065328","1700065333","5","61.56975"
"ETH","1700068182","1700068189","7","2004.82349061"
"SOL","1700068177","1700068180","3","61.15965547"
"ETH","1700065444","1700065446","2","2015.217346715"
"ETH","1700065370","1700065371","1","2015.30849304"
"ETH","1700065339","1700065341","2","2013.76446285"
"SOL","1700065467","1700065469","2","61.92167504"
"BTC","1700067192","1700067250","58","36391.23625"
"BTC","1700068058","1700068059","1","36354.275666645"
"BTC","1700066182","1700066185","3","36370.85"
"BTC","1700068026","1700068028","2","36362.467297745"
"BTC","1700065454","1700065456","2","36363.927391132"
"ETH","1700068140","1700068148","8","2006.98202041"
"ETH","1700068198","1700068203","5","2006.64713364"
"SOL","1700068195","1700068198","3","61.164660645"
"SOL","1700065384","1700065386","2","61.79162122"
"BTC","1700068072","1700068076","4","36333.957313585"
"ETH","1700066185","1700066186","1","2013.774451525"
"ETH","1700067216","1700067219","3","2013.19124396"
"BTC","1700068039","1700068041","2","36367.583710733"
"SOL","1700065473","1700065478","5","61.90040476"
"SOL","1700065258","1700065259","1","61.74787109"
"SOL","1700065371","1700065372","1","61.775238995"
"BTC","1700068080","1700068084","4","36332.345766286"
"ETH","1700065276","1700065281","5","2016.1625"
"BTC","1700065454","1700065456","2","36363.927391132"
"BTC","1700065345","1700065347","2","36339.60547708"
"SOL","1700065375","1700065377","2","61.808"
"BTC","1700065388","1700065392","4","36358.226926075"
"ETH","1700068179","1700068181","2","2005.229262102"
"ETH","1700067205","1700067250","45","2013.4283947"
"ETH","1700068191","1700068192","1","2005.326666666"
"ETH","1700065257","1700065258","1","2015.67490821"
"SOL","1700066174","1700066241","67","62.083928571"
"SOL","1700068185","1700068190","5","61.13461184"
"ETH","1700065390","1700065392","2","2015.254509045"
"ETH","1700065263","1700065264","1","2015.88236895"
"BTC","1700065404","1700065406","2","36360.22362822"
"ETH","1700065436","1700065437","1","2015.08161319"
"SOL","1700068060","1700068063","3","61.522606435"
"BTC","1700065241","1700065243","2","36346.63763918"
"ETH","1700065346","1700065349","3","2014.27692599"
"ETH","1700066185","1700066186","1","2013.774451525"
"ETH","1700068067","1700068069","2","2008.26"
"ETH","1700065248","1700065251","3","2015.715886205"
"BTC","1700065343","1700065348","5","36336.67916117"
"ETH","1700065335","1700065337","2","2013.31545475"
"BTC","1700065404","1700065406","2","36360.22362822"
"SOL","1700065255","1700065258","3","61.72375"
"SOL","1700065351","1700065356","5","61.67575"
"SOL","1700065415","1700065419","4","61.76660037"
"ETH","1700065345","1700065349","4","2014.405962995"
"ETH","1700067199","1700067250","51","2013.461110625"
"ETH","1700065430","1700065431","1","2015.06959562"
"SOL","1700065479","1700065480","1","61.895848356"
"BTC","1700065360","1700065362","2","36350.038571175"
"ETH","1700065245","1700065249","4","2015.645"
"SOL","1700065454","1700065456","2","61.870646705"
"SOL","1700068138","1700068139","1","61.01828173"
"ETH","1700065358","1700065362","4","2014.74073784"
"ETH","1700065323","1700065326","3","2012.396413351"
"ETH","1700065299","1700065300","1","2015.320787045"
"ETH","1700067217","1700067219","2","2013.13624396"
"ETH","1700068021","1700068023","2","2010.6925"
"ETH","1700068139","1700068142","3","2007.00139479"
"SOL","1700066175","1700066180","5","62.08019461"
"SOL","1700065311","1700065315","4","61.65563454"
"ETH","1700065437","1700065440","3","2015.15494387"
"ETH","1700065354","1700065360","6","2014.40875"
"BTC","1700067189","1700067192","3","36396.33702137"
"ETH","1700065470","1700065497","27","2015.3675"
"SOL","1700068186","1700068190","4","61.137253705"
"BTC","1700067210","1700067214","4","36356.56750249"
"SOL","1700065307","1700065311","4","61.67500721"
"BTC","1700065424","1700065426","2","36357.66249999"
"BTC","1700068067","1700068069","2","36346.12308273"
"SOL","1700065488","1700065497","9","61.965951875"
"ETH","1700065334","1700065336","2","2013.183333333"
"SOL","1700065425","1700065426","1","61.79960227"
"ETH","1700065446","1700065497","51","2015.22864718"
"BTC","1700067201","1700067206","5","36360.41743994"
"ETH","1700065484","1700065488","4","2015.092725"
"SOL","1700067210","1700067214","4","61.69894"
"SOL","1700068037","1700068041","4","61.61556993"
"BTC","1700068066","1700068068","2","36349.733208627"
"SOL","1700065457","1700065458","1","61.884966333"
"ETH","1700068058","1700068059","1","2008.9206858"
"SOL","1700065435","1700065497","62","61.83337606"
"ETH","1700065414","1700065415","1","2014.840569665"
"BTC","1700065413","1700065415","2","36353.1198227"
"ETH","1700065253","1700065257","4","2015.673714658"
"SOL","1700065282","1700065285","3","61.7650097"
"BTC","1700065377","1700065378","1","36362.6271875"
"SOL","1700067196","1700067198","2","61.703286571"
"ETH","1700065244","1700065250","6","2015.6425"
"SOL","1700065395","1700065399","4","61.76015625"
"ETH","1700067191","1700067192","1","2014.58375"
"ETH","1700068082","1700068084","2","2007.47"
"ETH","1700067221","1700067224","3","2012.936822465"
"BTC","1700065300","1700065308","8","36346.11675"
"SOL","1700068199","1700068203","4","61.20821098"
"SOL","1700065344","1700065345","1","61.6837805"
"SOL","1700065436","1700065437","1","61.83797392"
"BTC","1700068028","1700068032","4","36357.13852269"
"SOL","1700068076","1700068080","4","61.1525"
"BTC","1700067211","1700067215","4","36359.350882916"
"BTC","1700065377","1700065378","1","36362.6271875"
"BTC","1700065309","1700065311","2","36325.85218493"
"ETH","1700068038","1700068041","3","2010.90897791"
"SOL","1700068140","1700068142","2","61.025153555"
"BTC","1700066174","1700066182","8","36358.979205736"
"SOL","1700065449","1700065454","5","61.846296775"
"BTC","1700065331","1700065333","2","36303.260138888"
"ETH","1700067188","1700067192","4","2014.852824491"
"SOL","1700067201","1700067206","5","61.7134989"
"BTC","1700068084","1700068087","3","36333.44410246"
"BTC","1700065370","1700065371","1","36359.277298149"
"ETH","1700068020","1700068022","2","2010.71"
"SOL","1700065285","1700065286","1","61.77549428"
"SOL","1700068040","1700068041","1","61.62250339"
"BTC","1700068138","1700068139","1","36304.408322445"
"BTC","1700068189","1700068192","3","36294.516351991"
"SOL","1700065476","1700065478","2","61.899683355"
"BTC","1700065312","1700065315","3","36312.476913718"
"BTC","1700067202","1700067250","48","36361.57243994"
"BTC","1700068058","1700068059","1","36354.275666645"
"BTC","1700065449","1700065454","5","36364.48764199"
"ETH","1700065332","1700065336","4","2013.05"
"ETH","1700068020","1700068022","2","2010.71"
"SOL","1700065312","1700065315","3","61.602622561"
"SOL","1700065271","1700065271","0","61.83556424"
"ETH","1700065379","1700065383","4","2015.557575885"
"ETH","1700065368","1700065370","2","2015.1875"
"BTC","1700065468","1700065470","2","36364.901379643"
"BTC","1700067216","1700067219","3","36360.05391859"
"ETH","1700065463","1700065466","3","2015.511397453"
"SOL","1700068063","1700068063","0","61.510105339"
"BTC","1700065267","1700065270","3","36362.241143049"
"ETH","1700065382","1700065384","2","2015.538822475"
"ETH","1700065406","1700065406","0","2015.015"
"ETH","1700065413","1700065414","1","2014.893069665"
"SOL","1700068063","1700068063","0","61.510105339"
"BTC","1700065431","1700065434","3","36362.194036576"
"ETH","1700065273","1700065278","5","2016.2625"
"SOL","1700065274","1700065275","1","61.814893585"
"ETH","1700065431","1700065432","1","2015.10183174"
"ETH","1700066174","1700066180","6","2012.8"
"BTC","1700068028","1700068032","4","36357.13852269"
"ETH","1700065382","1700065383","1","2015.54842827"
"SOL","1700065470","1700065497","27","61.919055555"
"SOL","1700065314","1700065315","1","61.597707195"
"BTC","1700065449","1700065454","5","36364.48764199"
"BTC","1700065470","1700065558","88","36365.61953446"
"BTC","1700065450","1700065454","4","36364.357095905"
"BTC","1700068026","1700068028","2","36362.467297745"
"ETH","1700065387","1700065392","5","2015.36609801"
"ETH","1700065279","1700065282","3","2016.21022292"
"SOL","1700067185","1700067186","1","61.895540895"
"SOL","1700067185","1700067186","1","61.895540895"
"BTC","1700065485","1700065492","7","36371.570829026"
"ETH","1700065407","1700065409","2","2014.912303695"
"SOL","1700065463","1700065466","3","61.92"
"BTC","1700067185","1700067186","1","36398.23603092"
"BTC","1700065293","1700065296","3","36347.26069066"
"ETH","1700065425","1700065426","1","2015.193352675"
"ETH","1700065270","1700065271","1","2016.168639475"
"BTC","1700065437","1700065440","3","36362.995054665"
"ETH","1700065241","1700065243","2","2015.632916035"
"ETH","1700068186","1700068190","4","2004.911830195"
"BTC","1700065468","1700065470","2","36364.901379643"
"ETH","1700065441","1700065443","2","2015.10921523"
"SOL","1700065475","1700065558","83","61.885516688"
"BTC","1700068177","1700068180","3","36297.492068346"
"ETH","1700065266","1700065270","4","2016.268882915"
"BTC","1700068054","1700068058","4","36354.391517625"
"BTC","1700065375","1700065377","2","36358.54699269"
"SOL","1700067189","1700067192","3","61.87523893"
"BTC","1700065326","1700065329","3","36291.854325589"
"BTC","1700065349","1700065353","4","36339.435063131"
"BTC","1700068058","1700068059","1","36354.275666645"
"SOL","1700065331","1700065334","3","61.591863495"
"BTC","1700068196","1700068198","2","36307.35460751"
"BTC","1700068080","1700068083","3","36332.345766286"
"SOL","1700065276","1700065281","5","61.790119045"
"BTC","1700065315","1700065317","2","36310.311822048"
"BTC","1700065367","1700065370","3","36358.520444005"
"ETH","1700067217","1700067219","2","2013.13624396"
"BTC","1700068064","1700068067","3","36351.237899565"
"ETH","1700068186","1700068190","4","2004.911830195"
"BTC","1700065349","1700065353","4","36339.435063131"
"BTC","1700065293","1700065296","3","36347.26069066"
"ETH","1700065411","1700065414","3","2014.935"
"BTC","1700068186","1700068190","4","36295.405"
"ETH","1700065363","1700065366","3","2014.91260584"
"BTC","1700066178","1700066185","7","36366.41649633"
"BTC","1700065323","1700065326","3","36290.0980797"
"BTC","1700065321","1700065326","5","36298.107134695"
"SOL","1700065312","1700065315","3","61.602622561"
"SOL","1700065245","1700065249","4","61.75817299"
"ETH","1700065404","1700065406","2","2015.027957546"
"SOL","1700065457","1700065458","1","61.884966333"
"BTC","1700067206","1700067208","2","36362.322524785"
"ETH","1700065476","1700065478","2","2015.2699078"
"SOL","1700065394","1700065399","5","61.77512237"
"SOL","1700068082","1700068084","2","61.21760345"
"ETH","1700065343","1700065345","2","2014.2826305"
"BTC","1700065291","1700065293","2","36347.449898977"
"ETH","1700065485","1700065494","9","2015.05778661"
"BTC","1700065305","1700065311","6","36330.29"
"BTC","1700065437","1700065440","3","36362.995054665"
"BTC","1700065475","1700065497","22","36362.86864922"
"BTC","1700065245","1700065247","2","36347.67803028"
"BTC","1700068033","1700068035","2","36361.215"
"BTC","1700068026","1700068028","2","36362.467297745"
"SOL","1700065330","1700065334","4","61.584079796"
"SOL","1700068203","1700068206","3","61.251073805"
"ETH","1700066174","1700066182","8","2012.8"
"SOL","1700065451","1700065497","46","61.8505"
"BTC","1700067202","1700067250","48","36361.57243994"
"SOL","1700065307","1700065311","4","61.67500721"
"BTC","1700065335","1700065337","2","36315.705930401"
"ETH","1700068020","1700068022","2","2010.71"
"BTC","1700065331","1700065335","4","36303.260138888"
"SOL","1700067220","1700067221","1","61.681777315"
"BTC","1700066182","1700066185","3","36370.85"
"ETH","1700065484","1700065489","5","2015.092725"
"ETH","1700065473","1700065478","5","2015.268987295"
"SOL","1700067190","1700067195","5","61.86142579"
"ETH","1700068138","1700068139","1","2007.0572245"
"SOL","1700068177","1700068180","3","61.15965547"
"ETH","1700065276","1700065281","5","2016.1625"
"ETH","1700065446","1700065497","51","2015.22864718"
"SOL","1700065381","1700065384","3","61.80323275"
"ETH","1700065455","1700065457","2","2015.25086968"
"BTC","1700065474","1700065478","4","36364.165671064"
"SOL","1700068031","1700068032","1","61.613034385"
"SOL","1700067185","1700067186","1","61.895540895"
"BTC","1700067202","1700067252","50","36361.57243994"
"SOL","1700068186","1700068190","4","61.137253705"
"SOL","1700065339","1700065340","1","61.660578655"
"BTC","1700065291","1700065293","2","36347.449898977"
"SOL","1700065446","1700065497","51","61.837979201"
"SOL","1700065462","1700065463","1","61.909900947"
"BTC","1700065327","1700065333","6","36296.294339371"
"SOL","1700065482","1700065484","2","61.8984718"
"SOL","1700065325","1700065333","8","61.57227128"
"ETH","1700065334","1700065336","2","2013.183333333"
"BTC","1700068043","1700068044","1","36360.03190422"
"ETH","1700068040","1700068041","1","2010.818063"
"ETH","1700065391","1700065392","1","2015.341425135"
"ETH","1700065342","1700065345","3","2014.18875"
"ETH","1700065418","1700065420","2","2014.911207975"
"BTC","1700068082","1700068084","2","36333.143602485"
"SOL","1700068199","1700068203","4","61.20821098"
"ETH","1700067205","1700067252","47","2013.4283947"
"BTC","1700065348","1700065349","1","36338.39021905"
"ETH","1700068069","1700068074","5","2008.15463121"
"ETH","1700065354","1700065356","2","2014.40875"
"BTC","1700065360","1700065362","2","36350.038571175"
"SOL","1700065412","1700065414","2","61.765"
"SOL","1700068200","1700068206","6","61.228625"
"ETH","1700065263","1700065264","1","2015.88236895"
"SOL","1700068074","1700068077","3","61.139829161"
"BTC","1700068138","1700068139","1","36304.408322445"
"ETH","1700065311","1700065315","4","2013.574671585"
"ETH","1700065277","1700065278","1","2016.24125"
"ETH","1700068043","1700068045","2","2010.43569725"
"SOL","1700065291","1700065293","2","61.764263787"
"BTC","1700065404","1700065406","2","36360.22362822"
"BTC","1700068191","1700068192","1","36300.7185962"
"ETH","1700065256","1700065258","2","2015.62606875"
"SOL","1700065477","1700065479","2","61.89189619"
"ETH","1700066185","1700066186","1","2013.774451525"
"SOL","1700068026","1700068028","2","61.587381875"
"ETH","1700065348","1700065349","1","2014.39375"
"SOL","1700065458","1700065462","4","61.890814875"
"ETH","1700066177","1700066185","8","2013.082516495"
"ETH","1700068195","1700068198","3","2006.090116145"
"BTC","1700065389","1700065392","3","36358.012852895"
"SOL","1700065257","1700065259","2","61.75786896"
"BTC","1700065347","1700065349","2","36338.39472876"
"SOL","1700065370","1700065371","1","61.76636661"
"BTC","1700065391","1700065392","1","36363.084885383"
"SOL","1700068068","1700068069","1","61.211353628"
"SOL","1700068190","1700068192","2","61.10640366"
"ETH","1700068077","1700068083","6","2007.545623995"
"BTC","1700068026","1700068028","2","36362.467297745"
"SOL","1700065350","1700065356","6","61.693611111"
"BTC","1700065436","1700065437","1","36362.05276824"
"SOL","1700065351","1700065353","2","61.67575"
"BTC","1700065388","1700065392","4","36358.226926075"
"SOL","1700065476","1700065478","2","61.899683355"
"ETH","1700065303","1700065308","5","2014.67862309"
"SOL","1700065359","1700065362","3","61.71567127"
"SOL","1700065331","1700065334","3","61.591863495"
"BTC","1700065366","1700065366","0","36357.40410238"
"SOL","1700067196","1700067198","2","61.703286571"
"SOL","1700067215","1700067251","36","61.69449388"
"BTC","1700065446","1700065497","51","36363.22448557"
"SOL","1700068061","1700068063","2","61.53521287"
"SOL","1700065364","1700065366","2","61.7432"
"ETH","1700065440","1700065497","57","2015.10921523"
"SOL","1700065432","1700065434","2","61.83"
"SOL","1700065335","1700065337","2","61.61140125"
"BTC","1700065430","1700065432","2","36359.3226949"
"ETH","1700065457","1700065458","1","2015.302330035"
"SOL","1700068082","1700068084","2","61.21760345"
"ETH","1700068191","1700068192","1","2005.326666666"
"ETH","1700068199","1700068203","4","2006.721365185"
"BTC","1700066174","1700066180","6","36358.979205736"
"BTC","1700068072","1700068076","4","36333.957313585"
"BTC","1700065256","1700065258","2","36351.187352145"
"BTC","1700065459","1700065462","3","36366.38624263"
"ETH","1700065396","1700065399","3","2015.214115074"
"ETH","1700065334","1700065336","2","2013.183333333"
"SOL","1700065374","1700065377","3","61.79436478"
"ETH","1700068027","1700068028","1","2010.71450248"
"SOL","1700068177","1700068180","3","61.15965547"
"ETH","1700065364","1700065366","2","2015.080537747"
"ETH","1700066185","1700066186","1","2013.774451525"
"ETH","1700068034","1700068035","1","2010.7625"
"SOL","1700065275","1700065285","10","61.800269125"
"ETH","1700068071","1700068076","5","2007.82283536"
"BTC","1700065241","1700065243","2","36346.63763918"
"SOL","1700068032","1700068035","3","61.60362588"
"BTC","1700068045","1700068048","3","36358.871471733"
"SOL","1700065425","1700065426","1","61.79960227"
"BTC","1700065479","1700065480","1","36361.125340909"
"ETH","1700068205","1700068209","4","2006.722047875"
"ETH","1700065262","1700065270","8","2015.753964315"
"SOL","1700065430","1700065431","1","61.81718485"
"ETH","1700065454","1700065456","2","2015.26286881"
"SOL","1700068026","1700068028","2","61.587381875"
"ETH","1700065374","1700065377","3","2015.543333333"
"BTC","1700066175","1700066181","6","36360.76477795"
"BTC","1700065264","1700065270","6","36356.573965005"
"ETH","1700067185","1700067186","1","2014.78430708"
"SOL","1700068199","1700068203","4","61.20821098"
"ETH","1700065405","1700065406","1","2015.01629088"
"BTC","1700068067","1700068069","2","36346.12308273"
"BTC","1700067206","1700067208","2","36362.322524785"
"BTC","1700065276","1700065281","5","36359.01524759"
"BTC","1700068057","1700068059","2","36354.275666645"
"SOL","1700068179","1700068182","3","61.17"
"BTC","1700068181","1700068190","9","36294.427376463"
"ETH","1700065418","1700065420","2","2014.911207975"
"ETH","1700065338","1700065340","2","2013.81446285"
"SOL","1700065360","1700065362","2","61.70990288"
"SOL","1700065412","1700065414","2","61.765"
"ETH","1700068189","1700068192","3","2005.01625"
"BTC","1700068185","1700068190","5","36295.012100836"
"SOL","1700068186","1700068190","4","61.137253705"
"SOL","1700068200","1700068203","3","61.228625"
"SOL","1700065462","1700065463","1","61.909900947"
"ETH","1700068177","1700068180","3","2005.356045835"
"BTC","1700065432","1700065436","4","36362.35736991"
"BTC","1700065325","1700065335","10","36292.2275"
"BTC","1700068066","1700068068","2","36349.733208627"
"BTC","1700068184","1700068190","6","36294.658529411"
"SOL","1700065337","1700065339","2","61.60571912"
"BTC","1700068180","1700068182","2","36296.6625"
"ETH","1700065269","1700065271","2","2016.321583485"
"BTC","1700065473","1700065478","5","36365.6282843"
"ETH","1700067199","1700067250","51","2013.461110625"
"ETH","1700065352","1700065356","4","2014.3335312"
"ETH","1700065283","1700065286","3","2015.93012"
"ETH","1700065365","1700065366","1","2015.184057405"
"ETH","1700065484","1700065489","5","2015.092725"
"SOL","1700065255","1700065258","3","61.72375"
"BTC","1700065480","1700065497","17","36362.089583333"
"ETH","1700065286","1700065289","3","2015.720719755"
"SOL","1700065343","1700065345","2","61.67516463"
"SOL","1700065404","1700065406","2","61.77970421"
"ETH","1700065346","1700065349","3","2014.27692599"
"BTC","1700065432","1700065497","65","36362.35736991"
"BTC","1700067207","1700067210","3","36354.95314142"
"BTC","1700065258","1700065259","1","36351.307490216"
"ETH","1700065312","1700065315","3","2013.56"
"BTC","1700068028","1700068032","4","36357.13852269"
"SOL","1700065438","1700065440","2","61.84"
"SOL","1700065298","1700065299","1","61.746066735"
"SOL","1700068048","1700068054","6","61.57113768"
"BTC","1700065248","1700065249","1","36350.294702535"
"BTC","1700068028","1700068032","4","36357.13852269"
"SOL","1700065328","1700065333","5","61.56975"
"SOL","1700065280","1700065285","5","61.76651176"
"ETH","1700068190","1700068197","7","2005.272890105"
"BTC","1700065440","1700065497","57","36360.92283183"
"SOL","1700065436","1700065438","2","61.83797392"
"SOL","1700066185","1700066186","1","62.1425"
"SOL","1700068140","1700068142","2","61.025153555"
"BTC","1700065312","1700065316","4","36312.476913718"
"SOL","1700065291","1700065293","2","61.764263787"
"SOL","1700065448","1700065454","6","61.8384378"
"ETH","1700065445","1700065450","5","2015.214968565"
"SOL","1700065395","1700065398","3","61.76015625"
"SOL","1700065478","1700065497","19","61.8925"
"ETH","1700066174","1700066182","8","2012.8"
"BTC","1700065285","1700065286","1","36350.205615495"
"SOL","1700065371","1700065372","1","61.775159465"
"BTC","1700065269","1700065270","1","36362.694411845"
"ETH","1700065416","1700065420","4","2014.87990777"
"BTC","1700067208","1700067211","3","36361.5375"
"BTC","1700065316","1700065319","3","36309.525599555"
"BTC","1700066182","1700066185","3","36370.85"
"BTC","1700065418","1700065420","2","36355.09840683"
"SOL","1700068047","1700068048","1","61.5691155"
"ETH","1700068198","1700068203","5","2006.64713364"
"BTC","1700065382","1700065385","3","36362.26775"
"BTC","1700065405","1700065406","1","36359.81162822"
"BTC","1700068052","1700068054","2","36357.54974742"
"SOL","1700065444","1700065446","2","61.85158291"
"BTC","1700065358","1700065359","1","36345.770725955"
"BTC","1700065245","1700065248","3","36347.67803028"
"ETH","1700065316","1700065319","3","2013.280625"
"ETH","1700065445","1700065447","2","2015.214968565"
"SOL","1700065285","1700065286","1","61.77549428"
"BTC","1700065375","1700065377","2","36358.54699269"
"BTC","1700065354","1700065360","6","36336.989944047"
"BTC","1700065418","1700065420","2","36355.09840683"
"SOL","1700068076","1700068080","4","61.1525"
"ETH","1700066180","1700066185","5","2013.178312663"
"ETH","1700065279","1700065280","1","2016.21022292"
"SOL","1700065363","1700065366","3","61.749375"
"BTC","1700065435","1700065497","62","36362.041203501"
"ETH","1700065456","1700065497","41","2015.25"
"SOL","1700065323","1700065326","3","61.5753125"
"SOL","1700065381","1700065384","3","61.80323275"
"BTC","1700065255","1700065258","3","36350.875685478"
"SOL","1700068059","1700068060","1","61.519536685"
"SOL","1700065245","1700065248","3","61.75817299"
"SOL","1700067185","1700067186","1","61.895540895"
"BTC","1700067200","1700067201","1","36360.14907844"
"BTC","1700065266","1700065270","4","36355.89129564"
"ETH","1700065300","1700065308","8","2015.25968179"
"SOL","1700065381","1700065385","4","61.80323275"
"SOL","1700065283","1700065286","3","61.77399999"
"SOL","1700065256","1700065258","2","61.73293963"
"BTC","1700065419","1700065420","1","36357.029620495"
"BTC","1700065385","1700065392","7","36355.565321992"
"BTC","1700065295","1700065296","1","36347.145598788"
"SOL","1700066185","1700066186","1","62.1425"
"ETH","1700065347","1700065349","2","2014.285"
"SOL","1700065445","1700065450","5","61.840933145"
"ETH","1700068020","1700068022","2","2010.71"
"BTC","1700065408","1700065413","5","36356.544761005"
"BTC","1700065416","1700065420","4","36355.736088145"
"ETH","1700065271","1700065273","2","2016.190333485"
"SOL","1700065274","1700065275","1","61.814893585"
"SOL","1700065255","1700065258","3","61.72375"
"ETH","1700065321","1700065326","5","2012.75975"
"ETH","1700065420","1700065421","1","2014.92743372"
"ETH","1700065281","1700065285","4","2016.02595725"
"BTC","1700065398","1700065401","3","36359.244698088"
"ETH","1700068082","1700068084","2","2007.47"
"BTC","1700065368","1700065369","1","36358.519194005"
"BTC","1700065413","1700065415","2","36353.1198227"
"BTC","1700068060","1700068063","3","36354.39"
"SOL","1700065320","1700065326","6","61.5802225"
"SOL","1700067200","1700067201","1","61.703064161"
"SOL","1700065271","1700065273","2","61.83556424"
"SOL","1700068074","1700068076","2","61.139829161"
"SOL","1700065294","1700065296","2","61.7721"
"SOL","1700065326","1700065336","10","61.57218388"
"SOL","1700068138","1700068139","1","61.01828173"
"SOL","1700065462","1700065465","3","61.909900947"
"SOL","1700067210","1700067214","4","61.69894"
"SOL","1700065369","1700065370","1","61.76683146"
"ETH","1700067190","1700067192","2","2014.77071662"
"BTC","1700067200","1700067201","1","36360.14907844"
"BTC","1700065406","1700065407","1","36359.583192385"
"BTC","1700065308","1700065311","3","36328.01346077"
"ETH","1700065350","1700065353","3","2014.34699733"
"SOL","1700067219","1700067252","33","61.69774977"
"BTC","1700068025","1700068027","2","36360.433374513"
"SOL","1700065383","1700065385","2","61.8036"
"BTC","1700066180","1700066185","5","36369.662541751"
"ETH","1700068185","1700068190","5","2004.810243483"
"SOL","1700065275","1700065281","6","61.800269125"
"ETH","1700068019","1700068021","2","2010.7275"
"BTC","1700068192","1700068197","5","36300.753015155"
"SOL","1700065316","1700065319","3","61.580781335"
"BTC","1700065313","1700065315","2","36311.858550993"
"BTC","1700065366","1700065367","1","36357.40410238"
"SOL","1700065269","1700065271","2","61.83125"
"BTC","1700068026","1700068028","2","36362.467297745"
"BTC","1700065251","1700065255","4","36351.2975"
"BTC","1700066185","1700066186","1","36371.817513005"
"BTC","1700065403","1700065405","2","36360.67423835"
"SOL","1700065439","1700065442","3","61.851"
"SOL","1700065248","1700065251","3","61.74793739"
"ETH","1700065481","1700065483","2","2015.123251275"
"BTC","1700067191","1700067192","1","36389.99429594"
"BTC","1700068044","1700068045","1","36354.78679985"
"ETH","1700065331","1700065334","3","2013.10933373"
"ETH","1700068177","1700068180","3","2005.356045835"
"SOL","1700068046","1700068048","2","61.57205279"
"BTC","1700065465","1700065466","1","36365.599460805"
"ETH","1700065299","1700065300","1","2015.320787045"
"SOL","1700065430","1700065431","1","61.81718485"
"ETH","1700065426","1700065430","4","2015.14"
"BTC","1700065317","1700065320","3","36308.466339085"
"SOL","1700066182","1700066185","3","62.115"
"ETH","1700065424","1700065426","2","2015.20625"
"SOL","1700065255","1700065258","3","61.72375"
"BTC","1700065284","1700065286","2","36352.526741824"
"SOL","1700065397","1700065398","1","61.751456115"
"BTC","1700068197","1700068198","1","36308.94238917"
"BTC","1700065412","1700065414","2","36355.34491135"
"ETH","1700067210","1700067214","4","2013.3821447"
"ETH","1700065291","1700065293","2","2015.67904039"
"SOL","1700065273","1700065274","1","61.8216625"
"ETH","1700067205","1700067252","47","2013.4283947"
"ETH","1700068020","1700068022","2","2010.71"
"SOL","1700068079","1700068083","4","61.2146013"
"ETH","1700068066","1700068069","3","2008.58788591"
"BTC","1700065382","1700065384","2","36362.26775"
"ETH","1700065451","1700065497","46","2015.431488295"
"SOL","1700067202","1700067252","50","61.70748288"
"ETH","1700065422","1700065425","3","2015.062105545"
"SOL","1700065349","1700065354","5","61.695"
"ETH","1700068038","1700068041","3","2010.90897791"
"BTC","1700065385","1700065392","7","36355.565321992"
"BTC","1700065390","1700065392","2","36361.206198237"
"ETH","1700067216","1700067219","3","2013.19124396"
"BTC","1700065462","1700065464","2","36362.7013144"
"ETH","1700068191","1700068192","1","2005.326666666"
"ETH","1700068192","1700068196","4","2005.6126049"
"SOL","1700068177","1700068180","3","61.15965547"
"BTC","1700065395","1700065399","4","36359.98817611"
"BTC","1700067201","1700067206","5","36360.41743994"
"SOL","1700068177","1700068180","3","61.16682419"
"ETH","1700067194","1700067251","57","2013.845"
"ETH","1700068020","1700068022","2","2010.71"
"ETH","1700068036","1700068037","1","2010.904582725"
"ETH","1700065319","1700065320","1","2013.108882756"
"ETH","1700068033","1700068035","2","2010.65871205"
"ETH","1700065319","1700065320","1","2013.108882756"
"BTC","1700068066","1700068069","3","36349.733208627"
"SOL","1700067217","1700067219","2","61.68258118"
"SOL","1700067208","1700067211","3","61.734174185"
"SOL","1700068198","1700068203","5","61.19726958"
"BTC","1700065291","1700065293","2","36347.449898977"
"BTC","1700065418","1700065420","2","36355.09840683"
"BTC","1700065263","1700065264","1","36354.808181818"
"ETH","1700067191","1700067192","1","2014.58375"
"ETH","1700068145","1700068146","1","2005.414076535"
"ETH","1700067192","1700067251","59","2014.494090909"
"ETH","1700065377","1700065378","1","2015.43784651"
"SOL","1700068020","1700068022","2","61.621159275"
"BTC","1700065456","1700065497","41","36365.336869955"
"SOL","1700065293","1700065296","3","61.770927355"
"BTC","1700065245","1700065247","2","36347.67803028"
"BTC","1700068062","1700068063","1","36352.434480021"
"ETH","1700065241","1700065244","3","2015.632916035"
"BTC","1700065245","1700065249","4","36347.67803028"
"ETH","1700065360","1700065362","2","2014.71458983"
"SOL","1700068033","1700068035","2","61.60309358"
"SOL","1700065315","1700065317","2","61.5865"
"SOL","1700065396","1700065399","3","61.76525"
"SOL","1700068203","1700068206","3","61.251073805"
"SOL","1700065245","1700065248","3","61.75817299"
"SOL","1700068047","1700068048","1","61.5691155"
"BTC","1700068065","1700068067","2","36350.8318373"
"ETH","1700068196","1700068198","2","2006.28307756"
"ETH","1700067191","1700067192","1","2014.58375"
"SOL","1700065440","1700065497","57","61.84774588"
"ETH","1700065276","1700065281","5","2016.1625"
"ETH","1700065421","1700065425","4","2014.984778503"
"ETH","1700068063","1700068063","0","2008.751195095"
"SOL","1700065454","1700065456","2","61.870646705"
"BTC","1700065478","1700065497","19","36361.704927345"
"ETH","1700068179","1700068182","3","2005.229262102"
"BTC","1700068041","1700068042","1","36362.485"
"SOL","1700065347","1700065349","2","61.68645408"
"ETH","1700065389","1700065392","3","2015.19547269"
"ETH","1700068037","1700068041","4","2011.01698217"
"SOL","1700068052","1700068054","2","61.58"
"ETH","1700065251","1700065255","4","2015.58688618"
"ETH","1700065361","1700065362","1","2014.858128248"
"ETH","1700065335","1700065337","2","2013.31545475"
"ETH","1700065401","1700065404","3","2015.124673705"
"BTC","1700067197","1700067199","2","36360.79352135"
"ETH","1700065245","1700065248","3","2015.647651095"
"BTC","1700065355","1700065362","7","36339.521255652"
"SOL","1700068138","1700068139","1","61.01828173"
"ETH","1700065265","1700065271","6","2016.093053465"
"ETH","1700065463","1700065466","3","2015.511397453"
"SOL","1700067218","1700067221","3","61.69583229"
"BTC","1700065485","1700065492","7","36371.570829026"
"SOL","1700065432","1700065434","2","61.83"
"BTC","1700068035","1700068038","3","36364.573483775"
"BTC","1700068026","1700068028","2","36362.467297745"
"BTC","1700067222","1700067230","8","36357.018615088"
"SOL","1700065245","1700065250","5","61.75817299"
"ETH","1700068022","1700068025","3","2010.64618936"
"BTC","1700068039","1700068041","2","36367.583710733"
"SOL","1700065352","1700065354","2","61.66719716"
"ETH","1700065418","1700065420","2","2014.911207975"
"ETH","1700065410","1700065414","4","2014.944675355"
"ETH","1700067185","1700067186","1","2014.78430708"
"SOL","1700065245","1700065248","3","61.75817299"
"ETH","1700065286","1700065291","5","2015.720719755"
"SOL","1700065404","1700065406","2","61.77970421"
"ETH","1700065280","1700065285","5","2016.038411551"
"BTC","1700068042","1700068044","2","36360.545885761"
"BTC","1700068084","1700068088","4","36333.44410246"
"SOL","1700065360","1700065362","2","61.70990288"
"ETH","1700068177","1700068180","3","2005.356045835"
"ETH","1700065402","1700065404","2","2015.148270435"
"ETH","1700065283","1700065286","3","2015.93012"
"BTC","1700065440","1700065497","57","36360.92283183"
"ETH","1700065244","1700065248","4","2015.6425"
"SOL","1700065440","1700065497","57","61.84774588"
"BTC","1700065279","1700065285","6","36356.89731782"
"ETH","1700065424","1700065425","1","2015.20625"
"ETH","1700065319","1700065319","0","2013.108882756"
"BTC","1700065349","1700065353","4","36339.435063131"
"ETH","1700068054","1700068058","4","2009.316192733"
"BTC","1700066182","1700066185","3","36370.85"
"SOL","1700068043","1700068044","1","61.59588844"
"SOL","1700065406","1700065407","1","61.77763961"
"SOL","1700065465","1700065466","1","61.92"
"BTC","1700065377","1700065378","1","36362.6271875"
"ETH","1700067185","1700067186","1","2014.78430708"
"ETH","1700066175","1700066183","8","2012.92375"
"SOL","1700068038","1700068041","3","61.6171203"
"BTC","1700066185","1700066186","1","36371.817513005"
"ETH","1700065300","1700065308","8","2015.25968179"
"BTC","1700068047","1700068048","1","36352.88"
"BTC","1700065321","1700065326","5","36298.107134695"
"ETH","1700068020","1700068022","2","2010.71"
"BTC","1700068138","1700068139","1","36304.408322445"
"SOL","1700068138","1700068139","1","61.01828173"
"BTC","1700065284","1700065286","2","36352.526741824"
"SOL","1700067214","1700067219","5","61.70914868"
"BTC","1700065371","1700065372","1","36360.345422525"
"ETH","1700067185","1700067186","1","2014.78430708"
"BTC","1700068196","1700068198","2","36307.35460751"
"ETH","1700065291","1700065293","2","2015.67904039"
"BTC","1700068187","1700068190","3","36293.44723402"
"SOL","1700068196","1700068198","2","61.17109356"
"SOL","1700065363","1700065366","3","61.749375"
"ETH","1700068186","1700068190","4","2004.911830195"
"SOL","1700065295","1700065296","1","61.7711"
"ETH","1700068020","1700068022","2","2010.71"
"SOL","1700068053","1700068054","1","61.580821505"
"SOL","1700068141","1700068149","8","61.04702094"
"SOL","1700068038","1700068041","3","61.6171203"
"SOL","1700067219","1700067251","32","61.69774977"
"SOL","1700065395","1700065398","3","61.763690415"
"SOL","1700065442","1700065446","4","61.855444605"
"BTC","1700065484","1700065489","5","36366.119704098"
"SOL","1700067216","1700067219","3","61.70732132"
"ETH","1700065473","1700065478","5","2015.268987295"
"BTC","1700065459","1700065462","3","36366.38624263"
"SOL","1700065330","1700065335","5","61.584079796"
"SOL","1700065410","1700065414","4","61.76936911"
"SOL","1700066178","1700066185","7","62.0933904"
"ETH","1700068042","1700068044","2","2010.485183866"
"ETH","1700068052","1700068054","2","2009.66369855"
"BTC","1700065271","1700065273","2","36361.3775"
"SOL","1700068020","1700068022","2","61.621159275"
"BTC","1700065354","1700065359","5","36336.989944047"
"SOL","1700068020","1700068022","2","61.621159275"
"BTC","1700068044","1700068044","0","36354.78679985"
"SOL","1700065354","1700065359","5","61.65068218"
"SOL","1700065401","1700065404","3","61.74680056"
"ETH","1700068195","1700068197","2","2006.090116145"
"SOL","1700065304","1700065308","4","61.70149999"
"BTC","1700065459","1700065462","3","36366.38624263"
"ETH","1700065296","1700065300","4","2015.435265611"
"SOL","1700065335","1700065337","2","61.61140125"
"SOL","1700065476","1700065478","2","61.899683355"
"BTC","1700067189","1700067192","3","36396.33702137"
"BTC","1700068025","1700068029","4","36359.845547228"
"SOL","1700068177","1700068180","3","61.15965547"
"ETH","1700068058","1700068059","1","2008.9206858"
"BTC","1700065356","1700065362","6","36345.53585912"
"BTC","1700067185","1700067186","1","36398.23603092"
"BTC","1700065299","1700065300","1","36346.40875"
"ETH","1700065431","1700065432","1","2015.10183174"
"ETH","1700065274","1700065275","1","2016.11727895"
"SOL","1700065459","1700065462","3","61.91597297"
"BTC","1700065353","1700065360","7","36336.505625"
"BTC","1700065426","1700065427","1","36362.73443196"
"SOL","1700067185","1700067186","1","61.895540895"
"ETH","1700065244","1700065248","4","2015.6425"
"SOL","1700065388","1700065392","4","61.76674337"
"BTC","1700065376","1700065377","1","36363.521824467"
"SOL","1700065446","1700065497","51","61.837979201"
"SOL","1700065393","1700065395","2","61.77326086"
"ETH","1700068045","1700068048","3","2010.207610598"
"BTC","1700065344","1700065345","1","36336.86698793"
"BTC","1700068064","1700068066","2","36351.237899565"
"SOL","1700067185","1700067186","1","61.895540895"
"ETH","1700068076","1700068080","4","2007.50365583"
"ETH","1700068191","1700068192","1","2005.326666666"
"ETH","1700065267","1700065270","3","2016.32625"
"BTC","1700065308","1700065311","3","36328.01346077"
"SOL","1700065390","1700065392","2","61.776977158"
"BTC","1700068072","1700068076","4","36333.957313585"
"SOL","1700065454","1700065456","2","61.870646705"
"ETH","1700065446","1700065497","51","2015.22864718"
"SOL","1700065338","1700065339","1","61.641802826"
"ETH","1700068060","1700068063","3","2008.835"
"SOL","1700065457","1700065458","1","61.884966333"
"BTC","1700068198","1700068206","8","36309.0899095"
"ETH","1700065470","1700065497","27","2015.3675"
"BTC","1700068054","1700068057","3","36355.807919555"
"SOL","1700065325","1700065334","9","61.57227128"
"BTC","1700068187","1700068190","3","36293.44723402"
"BTC","1700066174","1700066182","8","36358.979205736"
"ETH","1700065475","1700065497","22","2015.22762815"
"ETH","1700065325","1700065334","9","2012.599488476"
"SOL","1700067221","1700067226","5","61.68623853"
"ETH","1700068179","1700068181","2","2005.229262102"
"ETH","1700065338","1700065340","2","2013.81446285"
"BTC","1700068020","1700068022","2","36360.824949065"
"ETH","1700067215","1700067252","37","2013.174756195"
"SOL","1700066174","1700066182","8","62.083928571"
"ETH","1700065470","1700065497","27","2015.3675"
"SOL","1700065342","1700065345","3","61.67572454"
"BTC","1700065456","1700065557","101","36365.336869955"
"SOL","1700065475","1700065497","22","61.885516688"
"SOL","1700065264","1700065270","6","61.8219925"
"ETH","1700065405","1700065406","1","2015.01629088"
"SOL","1700065391","1700065392","1","61.771084383"
"BTC","1700065259","1700065263","4","36350.98340176"
"SOL","1700066185","1700066186","1","62.1425"
"BTC","1700065397","1700065399","2","36360.0975"
"BTC","1700066182","1700066185","3","36370.85"
"BTC","1700065299","1700065300","1","36346.40875"
"SOL","1700068019","1700068022","3","61.64248581"
"BTC","1700068038","1700068041","3","36367.28229135"
"ETH","1700065311","1700065315","4","2013.574671585"
"ETH","1700065394","1700065399","5","2015.35766987"
"ETH","1700065424","1700065426","2","2015.20625"
"ETH","1700067202","1700067250","48","2013.4117894"
"ETH","1700068067","1700068069","2","2008.26"
"SOL","1700065271","1700065273","2","61.83556424"
"BTC","1700068204","1700068206","2","36313.03551344"
"BTC","1700065398","1700065399","1","36359.244698088"
"ETH","1700065482","1700065483","1","2014.988566525"
"BTC","1700065397","1700065399","2","36360.0975"
"SOL","1700068057","1700068059","2","61.545"
"ETH","1700065477","1700065480","3","2015.17"
"BTC","1700065299","1700065300","1","36346.40875"
"SOL","1700065335","1700065337","2","61.61140125"
"ETH","1700065413","1700065415","2","2014.893069665"
"BTC","1700065463","1700065466","3","36364.987378525"
"SOL","1700067215","1700067251","36","61.69449388"
"BTC","1700065381","1700065384","3","36362.307622975"
"SOL","1700067195","1700067197","2","61.734644235"
"ETH","1700068049","1700068054","5","2009.7825"
"SOL","1700065337","1700065338","1","61.60571912"
"SOL","1700068177","1700068180","3","61.15965547"
"BTC","1700065401","1700065404","3","36359.34875"
"SOL","1700065476","1700065478","2","61.899683355"
"BTC","1700065462","1700065463","1","36362.7013144"
"ETH","1700067220","1700067222","2","2012.961106335"
"BTC","1700065283","1700065286","3","36354.54152939"
"BTC","1700065468","1700065470","2","36364.901379643"
"BTC","1700068138","1700068139","1","36304.408322445"
"ETH","1700067185","1700067186","1","2014.78430708"
"BTC","1700067200","1700067201","1","36360.14907844"
"SOL","1700065426","1700065427","1","61.811103845"
"SOL","1700065436","1700065437","1","61.83797392"
"ETH","1700066174","1700066241","67","2012.8"
"BTC","1700065245","1700065247","2","36347.67803028"
"SOL","1700068067","1700068069","2","61.27757653"
"SOL","1700068069","1700068074","5","61.17644963"
"SOL","1700068196","1700068198","2","61.17109356"
"BTC","1700066185","1700066186","1","36371.817513005"
"ETH","1700065375","1700065377","2","2015.43968844"
"ETH","1700068020","1700068022","2","2010.71"
"ETH","1700065396","1700065399","3","2015.214115074"
"ETH","1700065370","1700065371","1","2015.30849304"
"SOL","1700065446","1700065497","51","61.837979201"
"SOL","1700067190","1700067192","2","61.86142579"
"ETH","1700068197","1700068198","1","2006.47394412"
"BTC","1700066174","1700066180","6","36358.979205736"
"BTC","1700065450","1700065454","4","36364.357095905"
"SOL","1700065276","1700065278","2","61.790119045"
"ETH","1700067193","1700067195","2","2014.124642857"
"ETH","1700068200","1700068206","6","2006.69306857"
"BTC","1700065366","1700065367","1","36357.40410238"
"ETH","1700065413","1700065415","2","2014.893069665"
"ETH","1700068076","1700068083","7","2007.50365583"
"ETH","1700067201","1700067206","5","2013.42"
"ETH","1700068079","1700068083","4","2007.451827915"
"SOL","1700065465","1700065466","1","61.92"
"ETH","1700065293","1700065296","3","2015.62793973"
"ETH","1700065341","1700065342","1","2014.102853401"
"SOL","1700068204","1700068206","2","61.266760765"
"SOL","1700066182","1700066185","3","62.115"
"SOL","1700067204","1700067207","3","61.72331577"
"SOL","1700068020","1700068023","3","61.61888435"
"BTC","1700065460","1700065462","2","36365.2856572"
"SOL","1700065422","1700065425","3","61.79167351"
"SOL","1700065383","1700065385","2","61.8036"
"BTC","1700065364","1700065365","1","36356.97192988"
"SOL","1700065422","1700065425","3","61.79167351"
"ETH","1700067214","1700067219","5","2013.232"
"ETH","1700068182","1700068185","3","2004.82349061"
"ETH","1700066180","1700066185","5","2013.178312663"
"SOL","1700068185","1700068190","5","61.13461184"
"SOL","1700065413","1700065414","1","61.764082006"
"BTC","1700065291","1700065293","2","36347.449898977"
"ETH","1700065390","1700065392","2","2015.254509045"
"ETH","1700068187","1700068190","3","2004.895841841"
"SOL","1700065262","1700065264","2","61.77704375"
"ETH","1700066185","1700066186","1","2013.774451525"
"ETH","1700065273","1700065274","1","2016.2625"
"ETH","1700065271","1700065273","2","2016.190333485"
"SOL","1700068076","1700068080","4","61.1525"
"ETH","1700067197","1700067199","2","2013.502360765"
"BTC","1700065336","1700065339","3","36329.283333333"
"BTC","1700065419","1700065420","1","36357.029620495"
"BTC","1700065458","1700065462","4","36364.348228939"
"SOL","1700065473","1700065478","5","61.90040476"
"SOL","1700065255","1700065258","3","61.72375"
"SOL","1700065313","1700065315","2","61.593300525"
"SOL","1700065362","1700065364","2","61.7360141"
"BTC","1700065454","1700065456","2","36363.927391132"
"SOL","1700065300","1700065308","8","61.725134815"
"BTC","1700068145","1700068149","4","36288.539166666"
"ETH","1700068074","1700068077","3","2007.517970365"
"SOL","1700065258","1700065259","1","61.74787109"
"ETH","1700065368","1700065370","2","2015.1875"
"BTC","1700065410","1700065414","4","36356.528588145"
"SOL","1700065482","1700065484","2","61.8984718"
"SOL","1700065356","1700065362","6","61.686232495"
"SOL","1700068069","1700068071","2","61.17644963"
"ETH","1700065336","1700065338","2","2013.693499921"
"SOL","1700065304","1700065308","4","61.70149999"
"BTC","1700067185","1700067188","3","36398.23603092"
"SOL","1700068077","1700068083","6","61.167185"
"SOL","1700065263","1700065264","1","61.76746319"
"BTC","1700065244","1700065249","5","36347.586068785"
"ETH","1700065259","1700065263","4","2015.687051067"
"ETH","1700065245","1700065248","3","2015.645"
"SOL","1700065324","1700065326","2","61.573102495"
"ETH","1700065321","1700065326","5","2012.75975"
"ETH","1700065258","1700065259","1","2015.698440175"
"SOL","1700067200","1700067201","1","61.703064161"
"ETH","1700065313","1700065315","2","2013.4925"
"BTC","1700065311","1700065315","4","36314.66745173"
"ETH","1700065286","1700065289","3","2015.720719755"
"ETH","1700065428","1700065430","2","2015.110525875"
"SOL","1700065480","1700065497","17","61.89139999"
"ETH","1700068077","1700068084","7","2007.545623995"
"SOL","1700068177","1700068180","3","61.15965547"
"BTC","1700065488","1700065497","9","36373.07230373"
"SOL","1700065315","1700065320","5","61.585"
"BTC","1700068020","1700068022","2","36360.824949065"
"SOL","1700068062","1700068063","1","61.495668455"
"BTC","1700067216","1700067219","3","36360.05391859"
"ETH","1700068071","1700068076","5","2007.82283536"
"BTC","1700065356","1700065362","6","36345.53585912"
"ETH","1700068138","1700068138","0","2007.0572245"
"BTC","1700065308","1700065311","3","36328.01346077"
"BTC","1700065256","1700065258","2","36351.187352145"
"ETH","1700065468","1700065470","2","2015.32567723"
"ETH","1700065249","1700065251","2","2015.65548512"
"BTC","1700067211","1700067215","4","36359.350882916"
"ETH","1700068037","1700068040","3","2011.00184893"
"BTC","1700065262","1700065264","2","36354.220227272"
"SOL","1700066174","1700066182","8","62.083928571"
"BTC","1700068084","1700068087","3","36333.44410246"
"SOL","1700068054","1700068059","5","61.56085"
"SOL","1700065267","1700065270","3","61.84954"
"BTC","1700065379","1700065385","6","36362.495786275"
"BTC","1700065275","1700065281","6","36361.50818804"
"SOL","1700065360","1700065362","2","61.70990288"
"SOL","1700065419","1700065420","1","61.79"
"SOL","1700067205","1700067251","46","61.72331577"
"ETH","1700065249","1700065251","2","2015.65548512"
"BTC","1700065331","1700065335","4","36303.260138888"
"BTC","1700068205","1700068209","4","36313.123170525"
"BTC","1700066185","1700066186","1","36371.817513005"
"SOL","1700068058","1700068059","1","61.510106382"
"SOL","1700068053","1700068055","2","61.580821505"
"SOL","1700068049","1700068054","5","61.576580695"
"SOL","1700068074","1700068077","3","61.139829161"
"ETH","1700068061","1700068063","2","2008.820833333"
"SOL","1700066174","1700066182","8","62.083928571"
"SOL","1700067195","1700067198","3","61.734644235"
"BTC","1700065295","1700065296","1","36347.145598788"
"SOL","1700066174","1700066182","8","62.083928571"
"ETH","1700067201","1700067206","5","2013.42"
"ETH","1700065363","1700065366","3","2014.91260584"
"SOL","1700065446","1700065497","51","61.837979201"
"SOL","1700065348","1700065349","1","61.6915845"